1,1,1
2,256,1
3,384,1
4,448,1
5,480,1
6,496,1
7,504,1
8,508,1
9,510,1
10,511,1
1,514,1
11,767,1
12,895,1
13,959,1
14,991,1
15,1007,1
16,1015,1
17,1019,1
18,1021,1
19,1024,1
1,1027,1
20,1278,1
21,1406,1
22,1470,1
23,1502,1
24,1518,1
25,1526,1
26,1530,1
28,1533,1
27,1536,1
1,1540,1
29,1789,1
30,1917,1
31,1981,1
32,2013,1
33,2029,1
34,2037,1
35,2041,1
37,2046,1
36,2047,1
1,2053,1
38,2300,1
39,2428,1
40,2492,1
41,2524,1
42,2540,1
43,2548,1
45,2554,1
46,2555,1
44,2560,1
1,2566,1
47,2811,1
48,2939,1
49,3003,1
50,3035,1
51,3051,1
52,3059,1
54,3065,1
55,3068,1
53,3071,1
1,3079,1
56,3322,1
57,3450,1
58,3514,1
59,3546,1
60,3562,1
61,3570,1
64,3577,1
63,3580,1
62,3582,1
1,3592,1
65,3833,1
66,3961,1
67,4025,1
68,4057,1
69,4073,1
70,4081,1
73,4090,1
72,4091,1
71,4093,1
1,4105,1
74,4344,1
75,4472,1
76,4536,1
77,4568,1
78,4584,1
80,4596,1
81,4598,1
82,4599,1
79,4608,1
1,4618,1
83,4855,1
84,4983,1
85,5047,1
86,5079,1
87,5095,1
89,5107,1
90,5109,1
91,5112,1
88,5119,1
1,5131,1
92,5366,1
93,5494,1
94,5558,1
95,5590,1
96,5606,1
98,5618,1
100,5621,1
99,5624,1
97,5630,1
1,5644,1
101,5877,1
102,6005,1
103,6069,1
104,6101,1
105,6117,1
107,6129,1
109,6134,1
108,6135,1
106,6141,1
1,6157,1
110,6388,1
111,6516,1
112,6580,1
113,6612,1
114,6628,1
117,6642,1
118,6643,1
116,6648,1
115,6652,1
1,6670,1
119,6899,1
120,7027,1
121,7091,1
122,7123,1
123,7139,1
126,7153,1
127,7156,1
125,7159,1
124,7163,1
1,7183,1
128,7410,1
129,7538,1
130,7602,1
131,7634,1
132,7650,1
136,7665,1
135,7668,1
134,7670,1
133,7674,1
1,7696,1
137,7921,1
138,8049,1
139,8113,1
140,8145,1
141,8161,1
145,8178,1
144,8179,1
143,8181,1
142,8185,1
1,8209,1
146,8432,1
147,8560,1
148,8624,1
149,8656,1
151,8680,1
152,8684,1
153,8686,1
154,8687,1
150,8704,1
1,8722,1
155,8943,1
156,9071,1
157,9135,1
158,9167,1
160,9191,1
161,9195,1
162,9197,1
163,9200,1
159,9215,1
1,9235,1
164,9454,1
165,9582,1
166,9646,1
167,9678,1
169,9702,1
170,9706,1
172,9709,1
171,9712,1
168,9726,1
1,9748,1
173,9965,1
174,10093,1
175,10157,1
176,10189,1
178,10213,1
179,10217,1
181,10222,1
180,10223,1
177,10237,1
1,10261,1
182,10476,1
183,10604,1
184,10668,1
185,10700,1
187,10724,1
189,10730,1
190,10731,1
188,10736,1
186,10748,1
1,10774,1
191,10987,1
192,11115,1
193,11179,1
194,11211,1
196,11235,1
198,11241,1
199,11244,1
197,11247,1
195,11259,1
1,11287,1
200,11498,1
201,11626,1
202,11690,1
203,11722,1
205,11746,1
208,11753,1
207,11756,1
206,11758,1
204,11770,1
1,11800,1
209,12009,1
210,12137,1
211,12201,1
212,12233,1
214,12257,1
217,12266,1
216,12267,1
215,12269,1
213,12281,1
1,12313,1
218,12520,1
219,12648,1
220,12712,1
221,12744,1
224,12772,1
225,12774,1
226,12775,1
223,12784,1
222,12792,1
1,12826,1
227,13031,1
228,13159,1
229,13223,1
230,13255,1
233,13283,1
234,13285,1
235,13288,1
232,13295,1
231,13303,1
1,13339,1
236,13542,1
237,13670,1
238,13734,1
239,13766,1
242,13794,1
244,13797,1
243,13800,1
241,13806,1
240,13814,1
1,13852,1
245,14053,1
246,14181,1
247,14245,1
248,14277,1
251,14305,1
253,14310,1
252,14311,1
250,14317,1
249,14325,1
1,14365,1
254,14564,1
255,14692,1
256,14756,1
257,14788,1
261,14818,1
262,14819,1
260,14824,1
259,14828,1
258,14836,1
1,14878,1
263,15075,1
264,15203,1
265,15267,1
266,15299,1
270,15329,1
271,15332,1
269,15335,1
268,15339,1
267,15347,1
1,15391,1
272,15586,1
273,15714,1
274,15778,1
275,15810,1
280,15841,1
279,15844,1
278,15846,1
277,15850,1
276,15858,1
1,15904,1
281,16097,1
282,16225,1
283,16289,1
284,16321,1
289,16354,1
288,16355,1
287,16357,1
286,16361,1
285,16369,1
1,16417,1
290,16608,1
291,16736,1
292,16800,1
294,16848,1
295,16856,1
296,16860,1
297,16862,1
298,16863,1
293,16896,1
1,16930,1
299,17119,1
300,17247,1
301,17311,1
303,17359,1
304,17367,1
305,17371,1
306,17373,1
307,17376,1
302,17407,1
1,17443,1
308,17630,1
309,17758,1
310,17822,1
312,17870,1
313,17878,1
314,17882,1
316,17885,1
315,17888,1
311,17918,1
1,17956,1
317,18141,1
318,18269,1
319,18333,1
321,18381,1
322,18389,1
323,18393,1
325,18398,1
324,18399,1
320,18429,1
1,18469,1
326,18652,1
327,18780,1
328,18844,1
330,18892,1
331,18900,1
333,18906,1
334,18907,1
332,18912,1
329,18940,1
1,18982,1
335,19163,1
336,19291,1
337,19355,1
339,19403,1
340,19411,1
342,19417,1
343,19420,1
341,19423,1
338,19451,1
1,19495,1
344,19674,1
345,19802,1
346,19866,1
348,19914,1
349,19922,1
352,19929,1
351,19932,1
350,19934,1
347,19962,1
1,20008,1
353,20185,1
354,20313,1
355,20377,1
357,20425,1
358,20433,1
361,20442,1
360,20443,1
359,20445,1
356,20473,1
1,20521,1
362,20696,1
363,20824,1
364,20888,1
366,20936,1
368,20948,1
369,20950,1
370,20951,1
367,20960,1
365,20984,1
1,21034,1
371,21207,1
372,21335,1
373,21399,1
375,21447,1
377,21459,1
378,21461,1
379,21464,1
376,21471,1
374,21495,1
1,21547,1
380,21718,1
381,21846,1
382,21910,1
384,21958,1
386,21970,1
388,21973,1
387,21976,1
385,21982,1
383,22006,1
1,22060,1
389,22229,1
390,22357,1
391,22421,1
393,22469,1
395,22481,1
397,22486,1
396,22487,1
394,22493,1
392,22517,1
1,22573,1
398,22740,1
399,22868,1
400,22932,1
402,22980,1
405,22994,1
406,22995,1
404,23000,1
403,23004,1
401,23028,1
1,23086,1
407,23251,1
408,23379,1
409,23443,1
411,23491,1
414,23505,1
415,23508,1
413,23511,1
412,23515,1
410,23539,1
1,23599,1
416,23762,1
417,23890,1
418,23954,1
420,24002,1
424,24017,1
423,24020,1
422,24022,1
421,24026,1
419,24050,1
1,24112,1
425,24273,1
426,24401,1
427,24465,1
429,24513,1
433,24530,1
432,24531,1
431,24533,1
430,24537,1
428,24561,1
1,24625,1
434,24784,1
435,24912,1
436,24976,1
439,25032,1
440,25036,1
441,25038,1
442,25039,1
438,25056,1
437,25072,1
1,25138,1
443,25295,1
444,25423,1
445,25487,1
448,25543,1
449,25547,1
450,25549,1
451,25552,1
447,25567,1
446,25583,1
1,25651,1
452,25806,1
453,25934,1
454,25998,1
457,26054,1
458,26058,1
460,26061,1
459,26064,1
456,26078,1
455,26094,1
1,26164,1
461,26317,1
462,26445,1
463,26509,1
466,26565,1
467,26569,1
469,26574,1
468,26575,1
465,26589,1
464,26605,1
1,26677,1
470,26828,1
471,26956,1
472,27020,1
475,27076,1
477,27082,1
478,27083,1
476,27088,1
474,27100,1
473,27116,1
1,27190,1
479,27339,1
480,27467,1
481,27531,1
484,27587,1
486,27593,1
487,27596,1
485,27599,1
483,27611,1
482,27627,1
1,27703,1
488,27850,1
489,27978,1
490,28042,1
493,28098,1
496,28105,1
495,28108,1
494,28110,1
492,28122,1
491,28138,1
1,28216,1
497,28361,1
498,28489,1
499,28553,1
502,28609,1
505,28618,1
504,28619,1
503,28621,1
501,28633,1
500,28649,1
1,28729,1
506,28872,1
507,29000,1
508,29064,1
512,29124,1
513,29126,1
514,29127,1
511,29136,1
510,29144,1
509,29160,1
1,29242,1
515,29383,1
516,29511,1
517,29575,1
521,29635,1
522,29637,1
523,29640,1
520,29647,1
519,29655,1
518,29671,1
1,29755,1
524,29894,1
525,30022,1
526,30086,1
530,30146,1
532,30149,1
531,30152,1
529,30158,1
528,30166,1
527,30182,1
1,30268,1
533,30405,1
534,30533,1
535,30597,1
539,30657,1
541,30662,1
540,30663,1
538,30669,1
537,30677,1
536,30693,1
1,30781,1
542,30916,1
543,31044,1
544,31108,1
549,31170,1
550,31171,1
548,31176,1
547,31180,1
546,31188,1
545,31204,1
1,31294,1
551,31427,1
552,31555,1
553,31619,1
558,31681,1
559,31684,1
557,31687,1
556,31691,1
555,31699,1
554,31715,1
1,31807,1
560,31938,1
561,32066,1
562,32130,1
568,32193,1
567,32196,1
566,32198,1
565,32202,1
564,32210,1
563,32226,1
1,32320,1
569,32449,1
570,32577,1
571,32641,1
577,32706,1
576,32707,1
575,32709,1
574,32713,1
573,32721,1
572,32737,1
1,32833,1
578,32960,1
579,33088,1
581,33184,1
582,33200,1
583,33208,1
584,33212,1
585,33214,1
586,33215,1
580,33280,1
1,33346,1
587,33471,1
588,33599,1
590,33695,1
591,33711,1
592,33719,1
593,33723,1
594,33725,1
595,33728,1
589,33791,1
1,33859,1
596,33982,1
597,34110,1
599,34206,1
600,34222,1
601,34230,1
602,34234,1
604,34237,1
603,34240,1
598,34302,1
1,34372,1
605,34493,1
606,34621,1
608,34717,1
609,34733,1
610,34741,1
611,34745,1
613,34750,1
612,34751,1
607,34813,1
1,34885,1
614,35004,1
615,35132,1
617,35228,1
618,35244,1
619,35252,1
621,35258,1
622,35259,1
620,35264,1
616,35324,1
1,35398,1
623,35515,1
624,35643,1
626,35739,1
627,35755,1
628,35763,1
630,35769,1
631,35772,1
629,35775,1
625,35835,1
1,35911,1
632,36026,1
633,36154,1
635,36250,1
636,36266,1
637,36274,1
640,36281,1
639,36284,1
638,36286,1
634,36346,1
1,36424,1
641,36537,1
642,36665,1
644,36761,1
645,36777,1
646,36785,1
649,36794,1
648,36795,1
647,36797,1
643,36857,1
1,36937,1
650,37048,1
651,37176,1
653,37272,1
654,37288,1
656,37300,1
657,37302,1
658,37303,1
655,37312,1
652,37368,1
1,37450,1
659,37559,1
660,37687,1
662,37783,1
663,37799,1
665,37811,1
666,37813,1
667,37816,1
664,37823,1
661,37879,1
1,37963,1
668,38070,1
669,38198,1
671,38294,1
672,38310,1
674,38322,1
676,38325,1
675,38328,1
673,38334,1
670,38390,1
1,38476,1
677,38581,1
678,38709,1
680,38805,1
681,38821,1
683,38833,1
685,38838,1
684,38839,1
682,38845,1
679,38901,1
1,38989,1
686,39092,1
687,39220,1
689,39316,1
690,39332,1
693,39346,1
694,39347,1
692,39352,1
691,39356,1
688,39412,1
1,39502,1
695,39603,1
696,39731,1
698,39827,1
699,39843,1
702,39857,1
703,39860,1
701,39863,1
700,39867,1
697,39923,1
1,40015,1
704,40114,1
705,40242,1
707,40338,1
708,40354,1
712,40369,1
711,40372,1
710,40374,1
709,40378,1
706,40434,1
1,40528,1
713,40625,1
714,40753,1
716,40849,1
717,40865,1
721,40882,1
720,40883,1
719,40885,1
718,40889,1
715,40945,1
1,41041,1
722,41136,1
723,41264,1
725,41360,1
727,41384,1
728,41388,1
729,41390,1
730,41391,1
726,41408,1
724,41456,1
1,41554,1
731,41647,1
732,41775,1
734,41871,1
736,41895,1
737,41899,1
738,41901,1
739,41904,1
735,41919,1
733,41967,1
1,42067,1
740,42158,1
741,42286,1
743,42382,1
745,42406,1
746,42410,1
748,42413,1
747,42416,1
744,42430,1
742,42478,1
1,42580,1
749,42669,1
750,42797,1
752,42893,1
754,42917,1
755,42921,1
757,42926,1
756,42927,1
753,42941,1
751,42989,1
1,43093,1
758,43180,1
759,43308,1
761,43404,1
763,43428,1
765,43434,1
766,43435,1
764,43440,1
762,43452,1
760,43500,1
1,43606,1
767,43691,1
768,43819,1
770,43915,1
772,43939,1
774,43945,1
775,43948,1
773,43951,1
771,43963,1
769,44011,1
1,44119,1
776,44202,1
777,44330,1
779,44426,1
781,44450,1
784,44457,1
783,44460,1
782,44462,1
780,44474,1
778,44522,1
1,44632,1
785,44713,1
786,44841,1
788,44937,1
790,44961,1
793,44970,1
792,44971,1
791,44973,1
789,44985,1
787,45033,1
1,45145,1
794,45224,1
795,45352,1
797,45448,1
800,45476,1
801,45478,1
802,45479,1
799,45488,1
798,45496,1
796,45544,1
1,45658,1
803,45735,1
804,45863,1
806,45959,1
809,45987,1
810,45989,1
811,45992,1
808,45999,1
807,46007,1
805,46055,1
1,46171,1
812,46246,1
813,46374,1
815,46470,1
818,46498,1
820,46501,1
819,46504,1
817,46510,1
816,46518,1
814,46566,1
1,46684,1
821,46757,1
822,46885,1
824,46981,1
827,47009,1
829,47014,1
828,47015,1
826,47021,1
825,47029,1
823,47077,1
1,47197,1
830,47268,1
831,47396,1
833,47492,1
837,47522,1
838,47523,1
836,47528,1
835,47532,1
834,47540,1
832,47588,1
1,47710,1
839,47779,1
840,47907,1
842,48003,1
846,48033,1
847,48036,1
845,48039,1
844,48043,1
843,48051,1
841,48099,1
1,48223,1
848,48290,1
849,48418,1
851,48514,1
856,48545,1
855,48548,1
854,48550,1
853,48554,1
852,48562,1
850,48610,1
1,48736,1
857,48801,1
858,48929,1
860,49025,1
865,49058,1
864,49059,1
863,49061,1
862,49065,1
861,49073,1
859,49121,1
1,49249,1
866,49312,1
867,49440,1
870,49552,1
871,49560,1
872,49564,1
873,49566,1
874,49567,1
869,49600,1
868,49632,1
1,49762,1
875,49823,1
876,49951,1
879,50063,1
880,50071,1
881,50075,1
882,50077,1
883,50080,1
878,50111,1
877,50143,1
1,50275,1
884,50334,1
885,50462,1
888,50574,1
889,50582,1
890,50586,1
892,50589,1
891,50592,1
887,50622,1
886,50654,1
1,50788,1
893,50845,1
894,50973,1
897,51085,1
898,51093,1
899,51097,1
901,51102,1
900,51103,1
896,51133,1
895,51165,1
1,51301,1
902,51356,1
903,51484,1
906,51596,1
907,51604,1
909,51610,1
910,51611,1
908,51616,1
905,51644,1
904,51676,1
1,51814,1
911,51867,1
912,51995,1
915,52107,1
916,52115,1
918,52121,1
919,52124,1
917,52127,1
914,52155,1
913,52187,1
1,52327,1
920,52378,1
921,52506,1
924,52618,1
925,52626,1
928,52633,1
927,52636,1
926,52638,1
923,52666,1
922,52698,1
1,52840,1
929,52889,1
930,53017,1
933,53129,1
934,53137,1
937,53146,1
936,53147,1
935,53149,1
932,53177,1
931,53209,1
1,53353,1
938,53400,1
939,53528,1
942,53640,1
944,53652,1
945,53654,1
946,53655,1
943,53664,1
941,53688,1
940,53720,1
1,53866,1
947,53911,1
948,54039,1
951,54151,1
953,54163,1
954,54165,1
955,54168,1
952,54175,1
950,54199,1
949,54231,1
1,54379,1
956,54422,1
957,54550,1
960,54662,1
962,54674,1
964,54677,1
963,54680,1
961,54686,1
959,54710,1
958,54742,1
1,54892,1
965,54933,1
966,55061,1
969,55173,1
971,55185,1
973,55190,1
972,55191,1
970,55197,1
968,55221,1
967,55253,1
1,55405,1
974,55444,1
975,55572,1
978,55684,1
981,55698,1
982,55699,1
980,55704,1
979,55708,1
977,55732,1
976,55764,1
1,55918,1
983,55955,1
984,56083,1
987,56195,1
990,56209,1
991,56212,1
989,56215,1
988,56219,1
986,56243,1
985,56275,1
1,56431,1
992,56466,1
993,56594,1
996,56706,1
1000,56721,1
999,56724,1
998,56726,1
997,56730,1
995,56754,1
994,56786,1
1,56944,1
1001,56977,1
1002,57105,1
1005,57217,1
1009,57234,1
1008,57235,1
1007,57237,1
1006,57241,1
1004,57265,1
1003,57297,1
1,57457,1
1010,57488,1
1011,57616,1
1015,57736,1
1016,57740,1
1017,57742,1
1018,57743,1
1014,57760,1
1013,57776,1
1012,57808,1
1,57970,1
1019,57999,1
1020,58127,1
1024,58247,1
1025,58251,1
1026,58253,1
1027,58256,1
1023,58271,1
1022,58287,1
1021,58319,1
1,58483,1
1028,58510,1
1029,58638,1
1033,58758,1
1034,58762,1
1036,58765,1
1035,58768,1
1032,58782,1
1031,58798,1
1030,58830,1
1,58996,1
1037,59021,1
1038,59149,1
1042,59269,1
1043,59273,1
1045,59278,1
1044,59279,1
1041,59293,1
1040,59309,1
1039,59341,1
1,59509,1
1046,59532,1
1047,59660,1
1051,59780,1
1053,59786,1
1054,59787,1
1052,59792,1
1050,59804,1
1049,59820,1
1048,59852,1
1,60022,1
1055,60043,1
1056,60171,1
1060,60291,1
1062,60297,1
1063,60300,1
1061,60303,1
1059,60315,1
1058,60331,1
1057,60363,1
1,60535,1
1064,60554,1
1065,60682,1
1069,60802,1
1072,60809,1
1071,60812,1
1070,60814,1
1068,60826,1
1067,60842,1
1066,60874,1
1,61048,1
1073,61065,1
1074,61193,1
1078,61313,1
1081,61322,1
1080,61323,1
1079,61325,1
1077,61337,1
1076,61353,1
1075,61385,1
1,61561,1
1082,61576,1
1083,61704,1
1088,61828,1
1089,61830,1
1090,61831,1
1087,61840,1
1086,61848,1
1085,61864,1
1084,61896,1
1,62074,1
1091,62087,1
1092,62215,1
1097,62339,1
1098,62341,1
1099,62344,1
1096,62351,1
1095,62359,1
1094,62375,1
1093,62407,1
1,62587,1
1100,62598,1
1101,62726,1
1106,62850,1
1108,62853,1
1107,62856,1
1105,62862,1
1104,62870,1
1103,62886,1
1102,62918,1
1,63100,1
1109,63109,1
1110,63237,1
1115,63361,1
1117,63366,1
1116,63367,1
1114,63373,1
1113,63381,1
1112,63397,1
1111,63429,1
1,63613,1
1118,63620,1
1119,63748,1
1125,63874,1
1126,63875,1
1124,63880,1
1123,63884,1
1122,63892,1
1121,63908,1
1120,63940,1
1,64126,1
1127,64131,1
1128,64259,1
1134,64385,1
1135,64388,1
1133,64391,1
1132,64395,1
1131,64403,1
1130,64419,1
1129,64451,1
1,64639,1
1136,64642,1
1137,64770,1
1144,64897,1
1143,64900,1
1142,64902,1
1141,64906,1
1140,64914,1
1139,64930,1
1138,64962,1
1,65152,1
1145,65153,1
1146,65281,1
1153,65410,1
1152,65411,1
1151,65413,1
1150,65417,1
1149,65425,1
1148,65441,1
1147,65473,1
1145,65664,1
1,65665,1
1155,65856,1
1156,65888,1
1157,65904,1
1158,65912,1
1159,65916,1
1160,65918,1
1161,65919,1
1154,66048,1
1136,66175,1
1,66178,1
1163,66367,1
1164,66399,1
1165,66415,1
1166,66423,1
1167,66427,1
1168,66429,1
1169,66432,1
1162,66559,1
1127,66686,1
1,66691,1
1171,66878,1
1172,66910,1
1173,66926,1
1174,66934,1
1175,66938,1
1177,66941,1
1176,66944,1
1170,67070,1
1118,67197,1
1,67204,1
1179,67389,1
1180,67421,1
1181,67437,1
1182,67445,1
1183,67449,1
1185,67454,1
1184,67455,1
1178,67581,1
1109,67708,1
1,67717,1
1187,67900,1
1188,67932,1
1189,67948,1
1190,67956,1
1192,67962,1
1193,67963,1
1191,67968,1
1186,68092,1
1100,68219,1
1,68230,1
1195,68411,1
1196,68443,1
1197,68459,1
1198,68467,1
1200,68473,1
1201,68476,1
1199,68479,1
1194,68603,1
1091,68730,1
1,68743,1
1203,68922,1
1204,68954,1
1205,68970,1
1206,68978,1
1209,68985,1
1208,68988,1
1207,68990,1
1202,69114,1
1082,69241,1
1,69256,1
1211,69433,1
1212,69465,1
1213,69481,1
1214,69489,1
1217,69498,1
1216,69499,1
1215,69501,1
1210,69625,1
1073,69752,1
1,69769,1
1219,69944,1
1220,69976,1
1221,69992,1
1223,70004,1
1224,70006,1
1225,70007,1
1222,70016,1
1218,70136,1
1064,70263,1
1,70282,1
1227,70455,1
1228,70487,1
1229,70503,1
1231,70515,1
1232,70517,1
1233,70520,1
1230,70527,1
1226,70647,1
1055,70774,1
1,70795,1
1235,70966,1
1236,70998,1
1237,71014,1
1239,71026,1
1241,71029,1
1240,71032,1
1238,71038,1
1234,71158,1
1046,71285,1
1,71308,1
1243,71477,1
1244,71509,1
1245,71525,1
1247,71537,1
1249,71542,1
1248,71543,1
1246,71549,1
1242,71669,1
1037,71796,1
1,71821,1
1251,71988,1
1252,72020,1
1253,72036,1
1256,72050,1
1257,72051,1
1255,72056,1
1254,72060,1
1250,72180,1
1028,72307,1
1,72334,1
1259,72499,1
1260,72531,1
1261,72547,1
1264,72561,1
1265,72564,1
1263,72567,1
1262,72571,1
1258,72691,1
1019,72818,1
1,72847,1
1267,73010,1
1268,73042,1
1269,73058,1
1273,73073,1
1272,73076,1
1271,73078,1
1270,73082,1
1266,73202,1
1010,73329,1
1,73360,1
1275,73521,1
1276,73553,1
1277,73569,1
1281,73586,1
1280,73587,1
1279,73589,1
1278,73593,1
1274,73713,1
1001,73840,1
1,73873,1
1283,74032,1
1284,74064,1
1286,74088,1
1287,74092,1
1288,74094,1
1289,74095,1
1285,74112,1
1282,74224,1
992,74351,1
1,74386,1
1291,74543,1
1292,74575,1
1294,74599,1
1295,74603,1
1296,74605,1
1297,74608,1
1293,74623,1
1290,74735,1
983,74862,1
1,74899,1
1299,75054,1
1300,75086,1
1302,75110,1
1303,75114,1
1305,75117,1
1304,75120,1
1301,75134,1
1298,75246,1
974,75373,1
1,75412,1
1307,75565,1
1308,75597,1
1310,75621,1
1311,75625,1
1313,75630,1
1312,75631,1
1309,75645,1
1306,75757,1
965,75884,1
1,75925,1
1315,76076,1
1316,76108,1
1318,76132,1
1320,76138,1
1321,76139,1
1319,76144,1
1317,76156,1
1314,76268,1
956,76395,1
1,76438,1
1323,76587,1
1324,76619,1
1326,76643,1
1328,76649,1
1329,76652,1
1327,76655,1
1325,76667,1
1322,76779,1
947,76906,1
1,76951,1
1331,77098,1
1332,77130,1
1334,77154,1
1337,77161,1
1336,77164,1
1335,77166,1
1333,77178,1
1330,77290,1
938,77417,1
1,77464,1
1339,77609,1
1340,77641,1
1342,77665,1
1345,77674,1
1344,77675,1
1343,77677,1
1341,77689,1
1338,77801,1
929,77928,1
1,77977,1
1347,78120,1
1348,78152,1
1351,78180,1
1352,78182,1
1353,78183,1
1350,78192,1
1349,78200,1
1346,78312,1
920,78439,1
1,78490,1
1355,78631,1
1356,78663,1
1359,78691,1
1360,78693,1
1361,78696,1
1358,78703,1
1357,78711,1
1354,78823,1
911,78950,1
1,79003,1
1363,79142,1
1364,79174,1
1367,79202,1
1369,79205,1
1368,79208,1
1366,79214,1
1365,79222,1
1362,79334,1
902,79461,1
1,79516,1
1371,79653,1
1372,79685,1
1375,79713,1
1377,79718,1
1376,79719,1
1374,79725,1
1373,79733,1
1370,79845,1
893,79972,1
1,80029,1
1379,80164,1
1380,80196,1
1384,80226,1
1385,80227,1
1383,80232,1
1382,80236,1
1381,80244,1
1378,80356,1
884,80483,1
1,80542,1
1387,80675,1
1388,80707,1
1392,80737,1
1393,80740,1
1391,80743,1
1390,80747,1
1389,80755,1
1386,80867,1
875,80994,1
1,81055,1
1395,81186,1
1396,81218,1
1401,81249,1
1400,81252,1
1399,81254,1
1398,81258,1
1397,81266,1
1394,81378,1
866,81505,1
1,81568,1
1403,81697,1
1404,81729,1
1409,81762,1
1408,81763,1
1407,81765,1
1406,81769,1
1405,81777,1
1402,81889,1
857,82016,1
1,82081,1
1411,82208,1
1413,82256,1
1414,82264,1
1415,82268,1
1416,82270,1
1417,82271,1
1412,82304,1
1410,82400,1
848,82527,1
1,82594,1
1419,82719,1
1421,82767,1
1422,82775,1
1423,82779,1
1424,82781,1
1425,82784,1
1420,82815,1
1418,82911,1
839,83038,1
1,83107,1
1427,83230,1
1429,83278,1
1430,83286,1
1431,83290,1
1433,83293,1
1432,83296,1
1428,83326,1
1426,83422,1
830,83549,1
1,83620,1
1435,83741,1
1437,83789,1
1438,83797,1
1439,83801,1
1441,83806,1
1440,83807,1
1436,83837,1
1434,83933,1
821,84060,1
1,84133,1
1443,84252,1
1445,84300,1
1446,84308,1
1448,84314,1
1449,84315,1
1447,84320,1
1444,84348,1
1442,84444,1
812,84571,1
1,84646,1
1451,84763,1
1453,84811,1
1454,84819,1
1456,84825,1
1457,84828,1
1455,84831,1
1452,84859,1
1450,84955,1
803,85082,1
1,85159,1
1459,85274,1
1461,85322,1
1462,85330,1
1465,85337,1
1464,85340,1
1463,85342,1
1460,85370,1
1458,85466,1
794,85593,1
1,85672,1
1467,85785,1
1469,85833,1
1470,85841,1
1473,85850,1
1472,85851,1
1471,85853,1
1468,85881,1
1466,85977,1
785,86104,1
1,86185,1
1475,86296,1
1477,86344,1
1479,86356,1
1480,86358,1
1481,86359,1
1478,86368,1
1476,86392,1
1474,86488,1
776,86615,1
1,86698,1
1483,86807,1
1485,86855,1
1487,86867,1
1488,86869,1
1489,86872,1
1486,86879,1
1484,86903,1
1482,86999,1
767,87126,1
1,87211,1
1491,87318,1
1493,87366,1
1495,87378,1
1497,87381,1
1496,87384,1
1494,87390,1
1492,87414,1
1490,87510,1
758,87637,1
1,87724,1
1499,87829,1
1501,87877,1
1503,87889,1
1505,87894,1
1504,87895,1
1502,87901,1
1500,87925,1
1498,88021,1
749,88148,1
1,88237,1
1507,88340,1
1509,88388,1
1512,88402,1
1513,88403,1
1511,88408,1
1510,88412,1
1508,88436,1
1506,88532,1
740,88659,1
1,88750,1
1515,88851,1
1517,88899,1
1520,88913,1
1521,88916,1
1519,88919,1
1518,88923,1
1516,88947,1
1514,89043,1
731,89170,1
1,89263,1
1523,89362,1
1525,89410,1
1529,89425,1
1528,89428,1
1527,89430,1
1526,89434,1
1524,89458,1
1522,89554,1
722,89681,1
1,89776,1
1531,89873,1
1533,89921,1
1537,89938,1
1536,89939,1
1535,89941,1
1534,89945,1
1532,89969,1
1530,90065,1
713,90192,1
1,90289,1
1539,90384,1
1542,90440,1
1543,90444,1
1544,90446,1
1545,90447,1
1541,90464,1
1540,90480,1
1538,90576,1
704,90703,1
1,90802,1
1547,90895,1
1550,90951,1
1551,90955,1
1552,90957,1
1553,90960,1
1549,90975,1
1548,90991,1
1546,91087,1
695,91214,1
1,91315,1
1555,91406,1
1558,91462,1
1559,91466,1
1561,91469,1
1560,91472,1
1557,91486,1
1556,91502,1
1554,91598,1
686,91725,1
1,91828,1
1563,91917,1
1566,91973,1
1567,91977,1
1569,91982,1
1568,91983,1
1565,91997,1
1564,92013,1
1562,92109,1
677,92236,1
1,92341,1
1571,92428,1
1574,92484,1
1576,92490,1
1577,92491,1
1575,92496,1
1573,92508,1
1572,92524,1
1570,92620,1
668,92747,1
1,92854,1
1579,92939,1
1582,92995,1
1584,93001,1
1585,93004,1
1583,93007,1
1581,93019,1
1580,93035,1
1578,93131,1
659,93258,1
1,93367,1
1587,93450,1
1590,93506,1
1593,93513,1
1592,93516,1
1591,93518,1
1589,93530,1
1588,93546,1
1586,93642,1
650,93769,1
1,93880,1
1595,93961,1
1598,94017,1
1601,94026,1
1600,94027,1
1599,94029,1
1597,94041,1
1596,94057,1
1594,94153,1
641,94280,1
1,94393,1
1603,94472,1
1607,94532,1
1608,94534,1
1609,94535,1
1606,94544,1
1605,94552,1
1604,94568,1
1602,94664,1
632,94791,1
1,94906,1
1611,94983,1
1615,95043,1
1616,95045,1
1617,95048,1
1614,95055,1
1613,95063,1
1612,95079,1
1610,95175,1
623,95302,1
1,95419,1
1619,95494,1
1623,95554,1
1625,95557,1
1624,95560,1
1622,95566,1
1621,95574,1
1620,95590,1
1618,95686,1
614,95813,1
1,95932,1
1627,96005,1
1631,96065,1
1633,96070,1
1632,96071,1
1630,96077,1
1629,96085,1
1628,96101,1
1626,96197,1
605,96324,1
1,96445,1
1635,96516,1
1640,96578,1
1641,96579,1
1639,96584,1
1638,96588,1
1637,96596,1
1636,96612,1
1634,96708,1
596,96835,1
1,96958,1
1643,97027,1
1648,97089,1
1649,97092,1
1647,97095,1
1646,97099,1
1645,97107,1
1644,97123,1
1642,97219,1
587,97346,1
1,97471,1
1651,97538,1
1657,97601,1
1656,97604,1
1655,97606,1
1654,97610,1
1653,97618,1
1652,97634,1
1650,97730,1
578,97857,1
1,97984,1
1659,98049,1
1665,98114,1
1664,98115,1
1663,98117,1
1662,98121,1
1661,98129,1
1660,98145,1
1658,98241,1
569,98368,1
1,98497,1
1668,98592,1
1669,98608,1
1670,98616,1
1671,98620,1
1672,98622,1
1673,98623,1
1667,98688,1
1666,98752,1
560,98879,1
1,99010,1
1676,99103,1
1677,99119,1
1678,99127,1
1679,99131,1
1680,99133,1
1681,99136,1
1675,99199,1
1674,99263,1
551,99390,1
1,99523,1
1684,99614,1
1685,99630,1
1686,99638,1
1687,99642,1
1689,99645,1
1688,99648,1
1683,99710,1
1682,99774,1
542,99901,1
1,100036,1
1692,100125,1
1693,100141,1
1694,100149,1
1695,100153,1
1697,100158,1
1696,100159,1
1691,100221,1
1690,100285,1
533,100412,1
1,100549,1
1700,100636,1
1701,100652,1
1702,100660,1
1704,100666,1
1705,100667,1
1703,100672,1
1699,100732,1
1698,100796,1
524,100923,1
1,101062,1
1708,101147,1
1709,101163,1
1710,101171,1
1712,101177,1
1713,101180,1
1711,101183,1
1707,101243,1
1706,101307,1
515,101434,1
1,101575,1
1716,101658,1
1717,101674,1
1718,101682,1
1721,101689,1
1720,101692,1
1719,101694,1
1715,101754,1
1714,101818,1
506,101945,1
1,102088,1
1724,102169,1
1725,102185,1
1726,102193,1
1729,102202,1
1728,102203,1
1727,102205,1
1723,102265,1
1722,102329,1
497,102456,1
1,102601,1
1732,102680,1
1733,102696,1
1735,102708,1
1736,102710,1
1737,102711,1
1734,102720,1
1731,102776,1
1730,102840,1
488,102967,1
1,103114,1
1740,103191,1
1741,103207,1
1743,103219,1
1744,103221,1
1745,103224,1
1742,103231,1
1739,103287,1
1738,103351,1
479,103478,1
1,103627,1
1748,103702,1
1749,103718,1
1751,103730,1
1753,103733,1
1752,103736,1
1750,103742,1
1747,103798,1
1746,103862,1
470,103989,1
1,104140,1
1756,104213,1
1757,104229,1
1759,104241,1
1761,104246,1
1760,104247,1
1758,104253,1
1755,104309,1
1754,104373,1
461,104500,1
1,104653,1
1764,104724,1
1765,104740,1
1768,104754,1
1769,104755,1
1767,104760,1
1766,104764,1
1763,104820,1
1762,104884,1
452,105011,1
1,105166,1
1772,105235,1
1773,105251,1
1776,105265,1
1777,105268,1
1775,105271,1
1774,105275,1
1771,105331,1
1770,105395,1
443,105522,1
1,105679,1
1780,105746,1
1781,105762,1
1785,105777,1
1784,105780,1
1783,105782,1
1782,105786,1
1779,105842,1
1778,105906,1
434,106033,1
1,106192,1
1788,106257,1
1789,106273,1
1793,106290,1
1792,106291,1
1791,106293,1
1790,106297,1
1787,106353,1
1786,106417,1
425,106544,1
1,106705,1
1796,106768,1
1798,106792,1
1799,106796,1
1800,106798,1
1801,106799,1
1797,106816,1
1795,106864,1
1794,106928,1
416,107055,1
1,107218,1
1804,107279,1
1806,107303,1
1807,107307,1
1808,107309,1
1809,107312,1
1805,107327,1
1803,107375,1
1802,107439,1
407,107566,1
1,107731,1
1812,107790,1
1814,107814,1
1815,107818,1
1817,107821,1
1816,107824,1
1813,107838,1
1811,107886,1
1810,107950,1
398,108077,1
1,108244,1
1820,108301,1
1822,108325,1
1823,108329,1
1825,108334,1
1824,108335,1
1821,108349,1
1819,108397,1
1818,108461,1
389,108588,1
1,108757,1
1828,108812,1
1830,108836,1
1832,108842,1
1833,108843,1
1831,108848,1
1829,108860,1
1827,108908,1
1826,108972,1
380,109099,1
1,109270,1
1836,109323,1
1838,109347,1
1840,109353,1
1841,109356,1
1839,109359,1
1837,109371,1
1835,109419,1
1834,109483,1
371,109610,1
1,109783,1
1844,109834,1
1846,109858,1
1849,109865,1
1848,109868,1
1847,109870,1
1845,109882,1
1843,109930,1
1842,109994,1
362,110121,1
1,110296,1
1852,110345,1
1854,110369,1
1857,110378,1
1856,110379,1
1855,110381,1
1853,110393,1
1851,110441,1
1850,110505,1
353,110632,1
1,110809,1
1860,110856,1
1863,110884,1
1864,110886,1
1865,110887,1
1862,110896,1
1861,110904,1
1859,110952,1
1858,111016,1
344,111143,1
1,111322,1
1868,111367,1
1871,111395,1
1872,111397,1
1873,111400,1
1870,111407,1
1869,111415,1
1867,111463,1
1866,111527,1
335,111654,1
1,111835,1
1876,111878,1
1879,111906,1
1881,111909,1
1880,111912,1
1878,111918,1
1877,111926,1
1875,111974,1
1874,112038,1
326,112165,1
1,112348,1
1884,112389,1
1887,112417,1
1889,112422,1
1888,112423,1
1886,112429,1
1885,112437,1
1883,112485,1
1882,112549,1
317,112676,1
1,112861,1
1892,112900,1
1896,112930,1
1897,112931,1
1895,112936,1
1894,112940,1
1893,112948,1
1891,112996,1
1890,113060,1
308,113187,1
1,113374,1
1900,113411,1
1904,113441,1
1905,113444,1
1903,113447,1
1902,113451,1
1901,113459,1
1899,113507,1
1898,113571,1
299,113698,1
1,113887,1
1908,113922,1
1913,113953,1
1912,113956,1
1911,113958,1
1910,113962,1
1909,113970,1
1907,114018,1
1906,114082,1
290,114209,1
1,114400,1
1916,114433,1
1921,114466,1
1920,114467,1
1919,114469,1
1918,114473,1
1917,114481,1
1915,114529,1
1914,114593,1
281,114720,1
1,114913,1
1925,114960,1
1926,114968,1
1927,114972,1
1928,114974,1
1929,114975,1
1924,115008,1
1923,115040,1
1922,115104,1
272,115231,1
1,115426,1
1933,115471,1
1934,115479,1
1935,115483,1
1936,115485,1
1937,115488,1
1932,115519,1
1931,115551,1
1930,115615,1
263,115742,1
1,115939,1
1941,115982,1
1942,115990,1
1943,115994,1
1945,115997,1
1944,116000,1
1940,116030,1
1939,116062,1
1938,116126,1
254,116253,1
1,116452,1
1949,116493,1
1950,116501,1
1951,116505,1
1953,116510,1
1952,116511,1
1948,116541,1
1947,116573,1
1946,116637,1
245,116764,1
1,116965,1
1957,117004,1
1958,117012,1
1960,117018,1
1961,117019,1
1959,117024,1
1956,117052,1
1955,117084,1
1954,117148,1
236,117275,1
1,117478,1
1965,117515,1
1966,117523,1
1968,117529,1
1969,117532,1
1967,117535,1
1964,117563,1
1963,117595,1
1962,117659,1
227,117786,1
1,117991,1
1973,118026,1
1974,118034,1
1977,118041,1
1976,118044,1
1975,118046,1
1972,118074,1
1971,118106,1
1970,118170,1
218,118297,1
1,118504,1
1981,118537,1
1982,118545,1
1985,118554,1
1984,118555,1
1983,118557,1
1980,118585,1
1979,118617,1
1978,118681,1
209,118808,1
1,119017,1
1989,119048,1
1991,119060,1
1992,119062,1
1993,119063,1
1990,119072,1
1988,119096,1
1987,119128,1
1986,119192,1
200,119319,1
1,119530,1
1997,119559,1
1999,119571,1
2000,119573,1
2001,119576,1
1998,119583,1
1996,119607,1
1995,119639,1
1994,119703,1
191,119830,1
1,120043,1
2005,120070,1
2007,120082,1
2009,120085,1
2008,120088,1
2006,120094,1
2004,120118,1
2003,120150,1
2002,120214,1
182,120341,1
1,120556,1
2013,120581,1
2015,120593,1
2017,120598,1
2016,120599,1
2014,120605,1
2012,120629,1
2011,120661,1
2010,120725,1
173,120852,1
1,121069,1
2021,121092,1
2024,121106,1
2025,121107,1
2023,121112,1
2022,121116,1
2020,121140,1
2019,121172,1
2018,121236,1
164,121363,1
1,121582,1
2029,121603,1
2032,121617,1
2033,121620,1
2031,121623,1
2030,121627,1
2028,121651,1
2027,121683,1
2026,121747,1
155,121874,1
1,122095,1
2037,122114,1
2041,122129,1
2040,122132,1
2039,122134,1
2038,122138,1
2036,122162,1
2035,122194,1
2034,122258,1
146,122385,1
1,122608,1
2045,122625,1
2049,122642,1
2048,122643,1
2047,122645,1
2046,122649,1
2044,122673,1
2043,122705,1
2042,122769,1
137,122896,1
1,123121,1
2054,123144,1
2055,123148,1
2056,123150,1
2057,123151,1
2053,123168,1
2052,123184,1
2051,123216,1
2050,123280,1
128,123407,1
1,123634,1
2062,123655,1
2063,123659,1
2064,123661,1
2065,123664,1
2061,123679,1
2060,123695,1
2059,123727,1
2058,123791,1
119,123918,1
1,124147,1
2070,124166,1
2071,124170,1
2073,124173,1
2072,124176,1
2069,124190,1
2068,124206,1
2067,124238,1
2066,124302,1
110,124429,1
1,124660,1
2078,124677,1
2079,124681,1
2081,124686,1
2080,124687,1
2077,124701,1
2076,124717,1
2075,124749,1
2074,124813,1
101,124940,1
1,125173,1
2086,125188,1
2088,125194,1
2089,125195,1
2087,125200,1
2085,125212,1
2084,125228,1
2083,125260,1
2082,125324,1
92,125451,1
1,125686,1
2094,125699,1
2096,125705,1
2097,125708,1
2095,125711,1
2093,125723,1
2092,125739,1
2091,125771,1
2090,125835,1
83,125962,1
1,126199,1
2102,126210,1
2105,126217,1
2104,126220,1
2103,126222,1
2101,126234,1
2100,126250,1
2099,126282,1
2098,126346,1
74,126473,1
1,126712,1
2110,126721,1
2113,126730,1
2112,126731,1
2111,126733,1
2109,126745,1
2108,126761,1
2107,126793,1
2106,126857,1
65,126984,1
1,127225,1
2119,127236,1
2120,127238,1
2121,127239,1
2118,127248,1
2117,127256,1
2116,127272,1
2115,127304,1
2114,127368,1
56,127495,1
1,127738,1
2127,127747,1
2128,127749,1
2129,127752,1
2126,127759,1
2125,127767,1
2124,127783,1
2123,127815,1
2122,127879,1
47,128006,1
1,128251,1
2135,128258,1
2137,128261,1
2136,128264,1
2134,128270,1
2133,128278,1
2132,128294,1
2131,128326,1
2130,128390,1
38,128517,1
1,128764,1
2143,128769,1
2145,128774,1
2144,128775,1
2142,128781,1
2141,128789,1
2140,128805,1
2139,128837,1
2138,128901,1
29,129028,1
1,129277,1
2152,129282,1
2153,129283,1
2151,129288,1
2150,129292,1
2149,129300,1
2148,129316,1
2147,129348,1
2146,129412,1
20,129539,1
1,129790,1
2160,129793,1
2161,129796,1
2159,129799,1
2158,129803,1
2157,129811,1
2156,129827,1
2155,129859,1
2154,129923,1
11,130050,1
1,130303,1
2169,130305,1
2168,130308,1
2167,130310,1
2166,130314,1
2165,130322,1
2164,130338,1
2163,130370,1
2162,130434,1
2,130561,1
1,130816,1
2177,130818,1
2176,130819,1
2175,130821,1
2174,130825,1
2173,130833,1
2172,130849,1
2171,130881,1
2170,130945,1
1146,131200,1
1659,131264,1
1916,131296,1
2045,131312,1
2110,131320,1
2143,131324,1
2160,131326,1
2169,131327,1
1,131329,1
2178,131584,1
1137,131711,1
1651,131775,1
1908,131807,1
2037,131823,1
2102,131831,1
2135,131835,1
2152,131837,1
2177,131840,1
1,131842,1
2179,132095,1
1128,132222,1
1643,132286,1
1900,132318,1
2029,132334,1
2094,132342,1
2127,132346,1
2153,132349,1
2176,132352,1
1,132355,1
2180,132606,1
1119,132733,1
1635,132797,1
1892,132829,1
2021,132845,1
2086,132853,1
2119,132857,1
2161,132862,1
2168,132863,1
1,132868,1
2181,133117,1
1110,133244,1
1627,133308,1
1884,133340,1
2013,133356,1
2078,133364,1
2128,133370,1
2137,133371,1
2175,133376,1
1,133381,1
2182,133628,1
1101,133755,1
1619,133819,1
1876,133851,1
2005,133867,1
2070,133875,1
2120,133881,1
2145,133884,1
2167,133887,1
1,133894,1
2183,134139,1
1092,134266,1
1611,134330,1
1868,134362,1
1997,134378,1
2062,134386,1
2121,134393,1
2144,134396,1
2159,134398,1
1,134407,1
2184,134650,1
1083,134777,1
1603,134841,1
1860,134873,1
1989,134889,1
2054,134897,1
2129,134906,1
2136,134907,1
2151,134909,1
1,134920,1
2185,135161,1
1074,135288,1
1595,135352,1
1852,135384,1
1981,135400,1
2079,135412,1
2096,135414,1
2105,135415,1
2174,135424,1
1,135433,1
2186,135672,1
1065,135799,1
1587,135863,1
1844,135895,1
1973,135911,1
2071,135923,1
2088,135925,1
2113,135928,1
2166,135935,1
1,135946,1
2187,136183,1
1056,136310,1
1579,136374,1
1836,136406,1
1965,136422,1
2063,136434,1
2089,136437,1
2112,136440,1
2158,136446,1
1,136459,1
2188,136694,1
1047,136821,1
1571,136885,1
1828,136917,1
1957,136933,1
2055,136945,1
2097,136950,1
2104,136951,1
2150,136957,1
1,136972,1
2189,137205,1
1038,137332,1
1563,137396,1
1820,137428,1
1949,137444,1
2064,137458,1
2073,137459,1
2111,137464,1
2142,137468,1
1,137485,1
2190,137716,1
1029,137843,1
1555,137907,1
1812,137939,1
1941,137955,1
2056,137969,1
2081,137972,1
2103,137975,1
2134,137979,1
1,137998,1
2191,138227,1
1020,138354,1
1547,138418,1
1804,138450,1
1933,138466,1
2057,138481,1
2080,138484,1
2095,138486,1
2126,138490,1
1,138511,1
2192,138738,1
1011,138865,1
1539,138929,1
1796,138961,1
1925,138977,1
2065,138994,1
2072,138995,1
2087,138997,1
2118,139001,1
1,139024,1
2193,139249,1
1002,139376,1
1531,139440,1
1788,139472,1
1982,139496,1
2015,139500,1
2032,139502,1
2041,139503,1
2173,139520,1
1,139537,1
2194,139760,1
993,139887,1
1523,139951,1
1780,139983,1
1974,140007,1
2007,140011,1
2024,140013,1
2049,140016,1
2165,140031,1
1,140050,1
2195,140271,1
984,140398,1
1515,140462,1
1772,140494,1
1966,140518,1
1999,140522,1
2025,140525,1
2048,140528,1
2157,140542,1
1,140563,1
2196,140782,1
975,140909,1
1507,140973,1
1764,141005,1
1958,141029,1
1991,141033,1
2033,141038,1
2040,141039,1
2149,141053,1
1,141076,1
2197,141293,1
966,141420,1
1499,141484,1
1756,141516,1
1950,141540,1
2000,141546,1
2009,141547,1
2047,141552,1
2141,141564,1
1,141589,1
2198,141804,1
957,141931,1
1491,141995,1
1748,142027,1
1942,142051,1
1992,142057,1
2017,142060,1
2039,142063,1
2133,142075,1
1,142102,1
2199,142315,1
948,142442,1
1483,142506,1
1740,142538,1
1934,142562,1
1993,142569,1
2016,142572,1
2031,142574,1
2125,142586,1
1,142615,1
2200,142826,1
939,142953,1
1475,143017,1
1732,143049,1
1926,143073,1
2001,143082,1
2008,143083,1
2023,143085,1
2117,143097,1
1,143128,1
2201,143337,1
930,143464,1
1467,143528,1
1724,143560,1
1951,143588,1
1968,143590,1
1977,143591,1
2046,143600,1
2109,143608,1
1,143641,1
2202,143848,1
921,143975,1
1459,144039,1
1716,144071,1
1943,144099,1
1960,144101,1
1985,144104,1
2038,144111,1
2101,144119,1
1,144154,1
2203,144359,1
912,144486,1
1451,144550,1
1708,144582,1
1935,144610,1
1961,144613,1
1984,144616,1
2030,144622,1
2093,144630,1
1,144667,1
2204,144870,1
903,144997,1
1443,145061,1
1700,145093,1
1927,145121,1
1969,145126,1
1976,145127,1
2022,145133,1
2085,145141,1
1,145180,1
2205,145381,1
894,145508,1
1435,145572,1
1692,145604,1
1936,145634,1
1945,145635,1
1983,145640,1
2014,145644,1
2077,145652,1
1,145693,1
2206,145892,1
885,146019,1
1427,146083,1
1684,146115,1
1928,146145,1
1953,146148,1
1975,146151,1
2006,146155,1
2069,146163,1
1,146206,1
2207,146403,1
876,146530,1
1419,146594,1
1676,146626,1
1929,146657,1
1952,146660,1
1967,146662,1
1998,146666,1
2061,146674,1
1,146719,1
2208,146914,1
867,147041,1
1411,147105,1
1668,147137,1
1937,147170,1
1944,147171,1
1959,147173,1
1990,147177,1
2053,147185,1
1,147232,1
2209,147425,1
858,147552,1
1403,147616,1
1789,147664,1
1854,147672,1
1887,147676,1
1904,147678,1
1913,147679,1
2172,147712,1
1,147745,1
2210,147936,1
849,148063,1
1395,148127,1
1781,148175,1
1846,148183,1
1879,148187,1
1896,148189,1
1921,148192,1
2164,148223,1
1,148258,1
2211,148447,1
840,148574,1
1387,148638,1
1773,148686,1
1838,148694,1
1871,148698,1
1897,148701,1
1920,148704,1
2156,148734,1
1,148771,1
2212,148958,1
831,149085,1
1379,149149,1
1765,149197,1
1830,149205,1
1863,149209,1
1905,149214,1
1912,149215,1
2148,149245,1
1,149284,1
2213,149469,1
822,149596,1
1371,149660,1
1757,149708,1
1822,149716,1
1872,149722,1
1881,149723,1
1919,149728,1
2140,149756,1
1,149797,1
2214,149980,1
813,150107,1
1363,150171,1
1749,150219,1
1814,150227,1
1864,150233,1
1889,150236,1
1911,150239,1
2132,150267,1
1,150310,1
2215,150491,1
804,150618,1
1355,150682,1
1741,150730,1
1806,150738,1
1865,150745,1
1888,150748,1
1903,150750,1
2124,150778,1
1,150823,1
2216,151002,1
795,151129,1
1347,151193,1
1733,151241,1
1798,151249,1
1873,151258,1
1880,151259,1
1895,151261,1
2116,151289,1
1,151336,1
2217,151513,1
786,151640,1
1339,151704,1
1725,151752,1
1823,151764,1
1840,151766,1
1849,151767,1
1918,151776,1
2108,151800,1
1,151849,1
2218,152024,1
777,152151,1
1331,152215,1
1717,152263,1
1815,152275,1
1832,152277,1
1857,152280,1
1910,152287,1
2100,152311,1
1,152362,1
2219,152535,1
768,152662,1
1323,152726,1
1709,152774,1
1807,152786,1
1833,152789,1
1856,152792,1
1902,152798,1
2092,152822,1
1,152875,1
2220,153046,1
759,153173,1
1315,153237,1
1701,153285,1
1799,153297,1
1841,153302,1
1848,153303,1
1894,153309,1
2084,153333,1
1,153388,1
2221,153557,1
750,153684,1
1307,153748,1
1693,153796,1
1808,153810,1
1817,153811,1
1855,153816,1
1886,153820,1
2076,153844,1
1,153901,1
2222,154068,1
741,154195,1
1299,154259,1
1685,154307,1
1800,154321,1
1825,154324,1
1847,154327,1
1878,154331,1
2068,154355,1
1,154414,1
2223,154579,1
732,154706,1
1291,154770,1
1677,154818,1
1801,154833,1
1824,154836,1
1839,154838,1
1870,154842,1
2060,154866,1
1,154927,1
2224,155090,1
723,155217,1
1283,155281,1
1669,155329,1
1809,155346,1
1816,155347,1
1831,155349,1
1862,155353,1
2052,155377,1
1,155440,1
2225,155601,1
714,155728,1
1275,155792,1
1726,155848,1
1759,155852,1
1776,155854,1
1785,155855,1
1917,155872,1
2044,155888,1
1,155953,1
2226,156112,1
705,156239,1
1267,156303,1
1718,156359,1
1751,156363,1
1768,156365,1
1793,156368,1
1909,156383,1
2036,156399,1
1,156466,1
2227,156623,1
696,156750,1
1259,156814,1
1710,156870,1
1743,156874,1
1769,156877,1
1792,156880,1
1901,156894,1
2028,156910,1
1,156979,1
2228,157134,1
687,157261,1
1251,157325,1
1702,157381,1
1735,157385,1
1777,157390,1
1784,157391,1
1893,157405,1
2020,157421,1
1,157492,1
2229,157645,1
678,157772,1
1243,157836,1
1694,157892,1
1744,157898,1
1753,157899,1
1791,157904,1
1885,157916,1
2012,157932,1
1,158005,1
2230,158156,1
669,158283,1
1235,158347,1
1686,158403,1
1736,158409,1
1761,158412,1
1783,158415,1
1877,158427,1
2004,158443,1
1,158518,1
2231,158667,1
660,158794,1
1227,158858,1
1678,158914,1
1737,158921,1
1760,158924,1
1775,158926,1
1869,158938,1
1996,158954,1
1,159031,1
2232,159178,1
651,159305,1
1219,159369,1
1670,159425,1
1745,159434,1
1752,159435,1
1767,159437,1
1861,159449,1
1988,159465,1
1,159544,1
2233,159689,1
642,159816,1
1211,159880,1
1695,159940,1
1712,159942,1
1721,159943,1
1790,159952,1
1853,159960,1
1980,159976,1
1,160057,1
2234,160200,1
633,160327,1
1203,160391,1
1687,160451,1
1704,160453,1
1729,160456,1
1782,160463,1
1845,160471,1
1972,160487,1
1,160570,1
2235,160711,1
624,160838,1
1195,160902,1
1679,160962,1
1705,160965,1
1728,160968,1
1774,160974,1
1837,160982,1
1964,160998,1
1,161083,1
2236,161222,1
615,161349,1
1187,161413,1
1671,161473,1
1713,161478,1
1720,161479,1
1766,161485,1
1829,161493,1
1956,161509,1
1,161596,1
2237,161733,1
606,161860,1
1179,161924,1
1680,161986,1
1689,161987,1
1727,161992,1
1758,161996,1
1821,162004,1
1948,162020,1
1,162109,1
2238,162244,1
597,162371,1
1171,162435,1
1672,162497,1
1697,162500,1
1719,162503,1
1750,162507,1
1813,162515,1
1940,162531,1
1,162622,1
2239,162755,1
588,162882,1
1163,162946,1
1673,163009,1
1696,163012,1
1711,163014,1
1742,163018,1
1805,163026,1
1932,163042,1
1,163135,1
2240,163266,1
579,163393,1
1155,163457,1
1681,163522,1
1688,163523,1
1703,163525,1
1734,163529,1
1797,163537,1
1924,163553,1
1,163648,1
2241,163777,1
570,163904,1
1404,164000,1
1533,164016,1
1598,164024,1
1631,164028,1
1648,164030,1
1657,164031,1
2171,164096,1
1,164161,1
2242,164288,1
561,164415,1
1396,164511,1
1525,164527,1
1590,164535,1
1623,164539,1
1640,164541,1
1665,164544,1
2163,164607,1
1,164674,1
2243,164799,1
552,164926,1
1388,165022,1
1517,165038,1
1582,165046,1
1615,165050,1
1641,165053,1
1664,165056,1
2155,165118,1
1,165187,1
2244,165310,1
543,165437,1
1380,165533,1
1509,165549,1
1574,165557,1
1607,165561,1
1649,165566,1
1656,165567,1
2147,165629,1
1,165700,1
2245,165821,1
534,165948,1
1372,166044,1
1501,166060,1
1566,166068,1
1616,166074,1
1625,166075,1
1663,166080,1
2139,166140,1
1,166213,1
2246,166332,1
525,166459,1
1364,166555,1
1493,166571,1
1558,166579,1
1608,166585,1
1633,166588,1
1655,166591,1
2131,166651,1
1,166726,1
2247,166843,1
516,166970,1
1356,167066,1
1485,167082,1
1550,167090,1
1609,167097,1
1632,167100,1
1647,167102,1
2123,167162,1
1,167239,1
2248,167354,1
507,167481,1
1348,167577,1
1477,167593,1
1542,167601,1
1617,167610,1
1624,167611,1
1639,167613,1
2115,167673,1
1,167752,1
2249,167865,1
498,167992,1
1340,168088,1
1469,168104,1
1567,168116,1
1584,168118,1
1593,168119,1
1662,168128,1
2107,168184,1
1,168265,1
2250,168376,1
489,168503,1
1332,168599,1
1461,168615,1
1559,168627,1
1576,168629,1
1601,168632,1
1654,168639,1
2099,168695,1
1,168778,1
2251,168887,1
480,169014,1
1324,169110,1
1453,169126,1
1551,169138,1
1577,169141,1
1600,169144,1
1646,169150,1
2091,169206,1
1,169291,1
2252,169398,1
471,169525,1
1316,169621,1
1445,169637,1
1543,169649,1
1585,169654,1
1592,169655,1
1638,169661,1
2083,169717,1
1,169804,1
2253,169909,1
462,170036,1
1308,170132,1
1437,170148,1
1552,170162,1
1561,170163,1
1599,170168,1
1630,170172,1
2075,170228,1
1,170317,1
2254,170420,1
453,170547,1
1300,170643,1
1429,170659,1
1544,170673,1
1569,170676,1
1591,170679,1
1622,170683,1
2067,170739,1
1,170830,1
2255,170931,1
444,171058,1
1292,171154,1
1421,171170,1
1545,171185,1
1568,171188,1
1583,171190,1
1614,171194,1
2059,171250,1
1,171343,1
2256,171442,1
435,171569,1
1284,171665,1
1413,171681,1
1553,171698,1
1560,171699,1
1575,171701,1
1606,171705,1
2051,171761,1
1,171856,1
2257,171953,1
426,172080,1
1276,172176,1
1470,172200,1
1503,172204,1
1520,172206,1
1529,172207,1
1661,172224,1
2043,172272,1
1,172369,1
2258,172464,1
417,172591,1
1268,172687,1
1462,172711,1
1495,172715,1
1512,172717,1
1537,172720,1
1653,172735,1
2035,172783,1
1,172882,1
2259,172975,1
408,173102,1
1260,173198,1
1454,173222,1
1487,173226,1
1513,173229,1
1536,173232,1
1645,173246,1
2027,173294,1
1,173395,1
2260,173486,1
399,173613,1
1252,173709,1
1446,173733,1
1479,173737,1
1521,173742,1
1528,173743,1
1637,173757,1
2019,173805,1
1,173908,1
2261,173997,1
390,174124,1
1244,174220,1
1438,174244,1
1488,174250,1
1497,174251,1
1535,174256,1
1629,174268,1
2011,174316,1
1,174421,1
2262,174508,1
381,174635,1
1236,174731,1
1430,174755,1
1480,174761,1
1505,174764,1
1527,174767,1
1621,174779,1
2003,174827,1
1,174934,1
2263,175019,1
372,175146,1
1228,175242,1
1422,175266,1
1481,175273,1
1504,175276,1
1519,175278,1
1613,175290,1
1995,175338,1
1,175447,1
2264,175530,1
363,175657,1
1220,175753,1
1414,175777,1
1489,175786,1
1496,175787,1
1511,175789,1
1605,175801,1
1987,175849,1
1,175960,1
2265,176041,1
354,176168,1
1212,176264,1
1439,176292,1
1456,176294,1
1465,176295,1
1534,176304,1
1597,176312,1
1979,176360,1
1,176473,1
2266,176552,1
345,176679,1
1204,176775,1
1431,176803,1
1448,176805,1
1473,176808,1
1526,176815,1
1589,176823,1
1971,176871,1
1,176986,1
2267,177063,1
336,177190,1
1196,177286,1
1423,177314,1
1449,177317,1
1472,177320,1
1518,177326,1
1581,177334,1
1963,177382,1
1,177499,1
2268,177574,1
327,177701,1
1188,177797,1
1415,177825,1
1457,177830,1
1464,177831,1
1510,177837,1
1573,177845,1
1955,177893,1
1,178012,1
2269,178085,1
318,178212,1
1180,178308,1
1424,178338,1
1433,178339,1
1471,178344,1
1502,178348,1
1565,178356,1
1947,178404,1
1,178525,1
2270,178596,1
309,178723,1
1172,178819,1
1416,178849,1
1441,178852,1
1463,178855,1
1494,178859,1
1557,178867,1
1939,178915,1
1,179038,1
2271,179107,1
300,179234,1
1164,179330,1
1417,179361,1
1440,179364,1
1455,179366,1
1486,179370,1
1549,179378,1
1931,179426,1
1,179551,1
2272,179618,1
291,179745,1
1156,179841,1
1425,179874,1
1432,179875,1
1447,179877,1
1478,179881,1
1541,179889,1
1923,179937,1
1,180064,1
2273,180129,1
282,180256,1
1277,180368,1
1342,180376,1
1375,180380,1
1392,180382,1
1401,180383,1
1660,180416,1
1915,180448,1
1,180577,1
2274,180640,1
273,180767,1
1269,180879,1
1334,180887,1
1367,180891,1
1384,180893,1
1409,180896,1
1652,180927,1
1907,180959,1
1,181090,1
2275,181151,1
264,181278,1
1261,181390,1
1326,181398,1
1359,181402,1
1385,181405,1
1408,181408,1
1644,181438,1
1899,181470,1
1,181603,1
2276,181662,1
255,181789,1
1253,181901,1
1318,181909,1
1351,181913,1
1393,181918,1
1400,181919,1
1636,181949,1
1891,181981,1
1,182116,1
2277,182173,1
246,182300,1
1245,182412,1
1310,182420,1
1360,182426,1
1369,182427,1
1407,182432,1
1628,182460,1
1883,182492,1
1,182629,1
2278,182684,1
237,182811,1
1237,182923,1
1302,182931,1
1352,182937,1
1377,182940,1
1399,182943,1
1620,182971,1
1875,183003,1
1,183142,1
2279,183195,1
228,183322,1
1229,183434,1
1294,183442,1
1353,183449,1
1376,183452,1
1391,183454,1
1612,183482,1
1867,183514,1
1,183655,1
2280,183706,1
219,183833,1
1221,183945,1
1286,183953,1
1361,183962,1
1368,183963,1
1383,183965,1
1604,183993,1
1859,184025,1
1,184168,1
2281,184217,1
210,184344,1
1213,184456,1
1311,184468,1
1328,184470,1
1337,184471,1
1406,184480,1
1596,184504,1
1851,184536,1
1,184681,1
2282,184728,1
201,184855,1
1205,184967,1
1303,184979,1
1320,184981,1
1345,184984,1
1398,184991,1
1588,185015,1
1843,185047,1
1,185194,1
2283,185239,1
192,185366,1
1197,185478,1
1295,185490,1
1321,185493,1
1344,185496,1
1390,185502,1
1580,185526,1
1835,185558,1
1,185707,1
2284,185750,1
183,185877,1
1189,185989,1
1287,186001,1
1329,186006,1
1336,186007,1
1382,186013,1
1572,186037,1
1827,186069,1
1,186220,1
2285,186261,1
174,186388,1
1181,186500,1
1296,186514,1
1305,186515,1
1343,186520,1
1374,186524,1
1564,186548,1
1819,186580,1
1,186733,1
2286,186772,1
165,186899,1
1173,187011,1
1288,187025,1
1313,187028,1
1335,187031,1
1366,187035,1
1556,187059,1
1811,187091,1
1,187246,1
2287,187283,1
156,187410,1
1165,187522,1
1289,187537,1
1312,187540,1
1327,187542,1
1358,187546,1
1548,187570,1
1803,187602,1
1,187759,1
2288,187794,1
147,187921,1
1157,188033,1
1297,188050,1
1304,188051,1
1319,188053,1
1350,188057,1
1540,188081,1
1795,188113,1
1,188272,1
2289,188305,1
138,188432,1
1214,188552,1
1247,188556,1
1264,188558,1
1273,188559,1
1405,188576,1
1532,188592,1
1787,188624,1
1,188785,1
2290,188816,1
129,188943,1
1206,189063,1
1239,189067,1
1256,189069,1
1281,189072,1
1397,189087,1
1524,189103,1
1779,189135,1
1,189298,1
2291,189327,1
120,189454,1
1198,189574,1
1231,189578,1
1257,189581,1
1280,189584,1
1389,189598,1
1516,189614,1
1771,189646,1
1,189811,1
2292,189838,1
111,189965,1
1190,190085,1
1223,190089,1
1265,190094,1
1272,190095,1
1381,190109,1
1508,190125,1
1763,190157,1
1,190324,1
2293,190349,1
102,190476,1
1182,190596,1
1232,190602,1
1241,190603,1
1279,190608,1
1373,190620,1
1500,190636,1
1755,190668,1
1,190837,1
2294,190860,1
93,190987,1
1174,191107,1
1224,191113,1
1249,191116,1
1271,191119,1
1365,191131,1
1492,191147,1
1747,191179,1
1,191350,1
2295,191371,1
84,191498,1
1166,191618,1
1225,191625,1
1248,191628,1
1263,191630,1
1357,191642,1
1484,191658,1
1739,191690,1
1,191863,1
2296,191882,1
75,192009,1
1158,192129,1
1233,192138,1
1240,192139,1
1255,192141,1
1349,192153,1
1476,192169,1
1731,192201,1
1,192376,1
2297,192393,1
66,192520,1
1183,192644,1
1200,192646,1
1209,192647,1
1278,192656,1
1341,192664,1
1468,192680,1
1723,192712,1
1,192889,1
2298,192904,1
57,193031,1
1175,193155,1
1192,193157,1
1217,193160,1
1270,193167,1
1333,193175,1
1460,193191,1
1715,193223,1
1,193402,1
2299,193415,1
48,193542,1
1167,193666,1
1193,193669,1
1216,193672,1
1262,193678,1
1325,193686,1
1452,193702,1
1707,193734,1
1,193915,1
2300,193926,1
39,194053,1
1159,194177,1
1201,194182,1
1208,194183,1
1254,194189,1
1317,194197,1
1444,194213,1
1699,194245,1
1,194428,1
2301,194437,1
30,194564,1
1168,194690,1
1177,194691,1
1215,194696,1
1246,194700,1
1309,194708,1
1436,194724,1
1691,194756,1
1,194941,1
2302,194948,1
21,195075,1
1160,195201,1
1185,195204,1
1207,195207,1
1238,195211,1
1301,195219,1
1428,195235,1
1683,195267,1
1,195454,1
2303,195459,1
12,195586,1
1161,195713,1
1184,195716,1
1199,195718,1
1230,195722,1
1293,195730,1
1420,195746,1
1675,195778,1
1,195967,1
2304,195970,1
3,196097,1
1169,196226,1
1176,196227,1
1191,196229,1
1222,196233,1
1285,196241,1
1412,196257,1
1667,196289,1
1,196480,1
2305,196481,1
571,196672,1
860,196704,1
1005,196720,1
1078,196728,1
1115,196732,1
1134,196734,1
1144,196735,1
2170,196864,1
2305,196992,1
1,196993,1
562,197183,1
851,197215,1
996,197231,1
1069,197239,1
1106,197243,1
1125,197245,1
1153,197248,1
2162,197375,1
2304,197503,1
1,197506,1
553,197694,1
842,197726,1
987,197742,1
1060,197750,1
1097,197754,1
1126,197757,1
1152,197760,1
2154,197886,1
2303,198014,1
1,198019,1
544,198205,1
833,198237,1
978,198253,1
1051,198261,1
1088,198265,1
1135,198270,1
1143,198271,1
2146,198397,1
2302,198525,1
1,198532,1
535,198716,1
824,198748,1
969,198764,1
1042,198772,1
1098,198778,1
1108,198779,1
1151,198784,1
2138,198908,1
2301,199036,1
1,199045,1
526,199227,1
815,199259,1
960,199275,1
1033,199283,1
1089,199289,1
1117,199292,1
1142,199295,1
2130,199419,1
2300,199547,1
1,199558,1
517,199738,1
806,199770,1
951,199786,1
1024,199794,1
1090,199801,1
1116,199804,1
1133,199806,1
2122,199930,1
2299,200058,1
1,200071,1
508,200249,1
797,200281,1
942,200297,1
1015,200305,1
1099,200314,1
1107,200315,1
1124,200317,1
2114,200441,1
2298,200569,1
1,200584,1
499,200760,1
788,200792,1
933,200808,1
1043,200820,1
1062,200822,1
1072,200823,1
1150,200832,1
2106,200952,1
2297,201080,1
1,201097,1
490,201271,1
779,201303,1
924,201319,1
1034,201331,1
1053,201333,1
1081,201336,1
1141,201343,1
2098,201463,1
2296,201591,1
1,201610,1
481,201782,1
770,201814,1
915,201830,1
1025,201842,1
1054,201845,1
1080,201848,1
1132,201854,1
2090,201974,1
2295,202102,1
1,202123,1
472,202293,1
761,202325,1
906,202341,1
1016,202353,1
1063,202358,1
1071,202359,1
1123,202365,1
2082,202485,1
2294,202613,1
1,202636,1
463,202804,1
752,202836,1
897,202852,1
1026,202866,1
1036,202867,1
1079,202872,1
1114,202876,1
2074,202996,1
2293,203124,1
1,203149,1
454,203315,1
743,203347,1
888,203363,1
1017,203377,1
1045,203380,1
1070,203383,1
1105,203387,1
2066,203507,1
2292,203635,1
1,203662,1
445,203826,1
734,203858,1
879,203874,1
1018,203889,1
1044,203892,1
1061,203894,1
1096,203898,1
2058,204018,1
2291,204146,1
1,204175,1
436,204337,1
725,204369,1
870,204385,1
1027,204402,1
1035,204403,1
1052,204405,1
1087,204409,1
2050,204529,1
2290,204657,1
1,204688,1
427,204848,1
716,204880,1
934,204904,1
971,204908,1
990,204910,1
1000,204911,1
1149,204928,1
2042,205040,1
2289,205168,1
1,205201,1
418,205359,1
707,205391,1
925,205415,1
962,205419,1
981,205421,1
1009,205424,1
1140,205439,1
2034,205551,1
2288,205679,1
1,205714,1
409,205870,1
698,205902,1
916,205926,1
953,205930,1
982,205933,1
1008,205936,1
1131,205950,1
2026,206062,1
2287,206190,1
1,206227,1
400,206381,1
689,206413,1
907,206437,1
944,206441,1
991,206446,1
999,206447,1
1122,206461,1
2018,206573,1
2286,206701,1
1,206740,1
391,206892,1
680,206924,1
898,206948,1
954,206954,1
964,206955,1
1007,206960,1
1113,206972,1
2010,207084,1
2285,207212,1
1,207253,1
382,207403,1
671,207435,1
889,207459,1
945,207465,1
973,207468,1
998,207471,1
1104,207483,1
2002,207595,1
2284,207723,1
1,207766,1
373,207914,1
662,207946,1
880,207970,1
946,207977,1
972,207980,1
989,207982,1
1095,207994,1
1994,208106,1
2283,208234,1
1,208279,1
364,208425,1
653,208457,1
871,208481,1
955,208490,1
963,208491,1
980,208493,1
1086,208505,1
1986,208617,1
2282,208745,1
1,208792,1
355,208936,1
644,208968,1
899,208996,1
918,208998,1
928,208999,1
1006,209008,1
1077,209016,1
1978,209128,1
2281,209256,1
1,209305,1
346,209447,1
635,209479,1
890,209507,1
909,209509,1
937,209512,1
997,209519,1
1068,209527,1
1970,209639,1
2280,209767,1
1,209818,1
337,209958,1
626,209990,1
881,210018,1
910,210021,1
936,210024,1
988,210030,1
1059,210038,1
1962,210150,1
2279,210278,1
1,210331,1
328,210469,1
617,210501,1
872,210529,1
919,210534,1
927,210535,1
979,210541,1
1050,210549,1
1954,210661,1
2278,210789,1
1,210844,1
319,210980,1
608,211012,1
882,211042,1
892,211043,1
935,211048,1
970,211052,1
1041,211060,1
1946,211172,1
2277,211300,1
1,211357,1
310,211491,1
599,211523,1
873,211553,1
901,211556,1
926,211559,1
961,211563,1
1032,211571,1
1938,211683,1
2276,211811,1
1,211870,1
301,212002,1
590,212034,1
874,212065,1
900,212068,1
917,212070,1
952,212074,1
1023,212082,1
1930,212194,1
2275,212322,1
1,212383,1
292,212513,1
581,212545,1
883,212578,1
891,212579,1
908,212581,1
943,212585,1
1014,212593,1
1922,212705,1
2274,212833,1
1,212896,1
283,213024,1
717,213072,1
790,213080,1
827,213084,1
846,213086,1
856,213087,1
1148,213120,1
1914,213216,1
2273,213344,1
1,213409,1
274,213535,1
708,213583,1
781,213591,1
818,213595,1
837,213597,1
865,213600,1
1139,213631,1
1906,213727,1
2272,213855,1
1,213922,1
265,214046,1
699,214094,1
772,214102,1
809,214106,1
838,214109,1
864,214112,1
1130,214142,1
1898,214238,1
2271,214366,1
1,214435,1
256,214557,1
690,214605,1
763,214613,1
800,214617,1
847,214622,1
855,214623,1
1121,214653,1
1890,214749,1
2270,214877,1
1,214948,1
247,215068,1
681,215116,1
754,215124,1
810,215130,1
820,215131,1
863,215136,1
1112,215164,1
1882,215260,1
2269,215388,1
1,215461,1
238,215579,1
672,215627,1
745,215635,1
801,215641,1
829,215644,1
854,215647,1
1103,215675,1
1874,215771,1
2268,215899,1
1,215974,1
229,216090,1
663,216138,1
736,216146,1
802,216153,1
828,216156,1
845,216158,1
1094,216186,1
1866,216282,1
2267,216410,1
1,216487,1
220,216601,1
654,216649,1
727,216657,1
811,216666,1
819,216667,1
836,216669,1
1085,216697,1
1858,216793,1
2266,216921,1
1,217000,1
211,217112,1
645,217160,1
755,217172,1
774,217174,1
784,217175,1
862,217184,1
1076,217208,1
1850,217304,1
2265,217432,1
1,217513,1
202,217623,1
636,217671,1
746,217683,1
765,217685,1
793,217688,1
853,217695,1
1067,217719,1
1842,217815,1
2264,217943,1
1,218026,1
193,218134,1
627,218182,1
737,218194,1
766,218197,1
792,218200,1
844,218206,1
1058,218230,1
1834,218326,1
2263,218454,1
1,218539,1
184,218645,1
618,218693,1
728,218705,1
775,218710,1
783,218711,1
835,218717,1
1049,218741,1
1826,218837,1
2262,218965,1
1,219052,1
175,219156,1
609,219204,1
738,219218,1
748,219219,1
791,219224,1
826,219228,1
1040,219252,1
1818,219348,1
2261,219476,1
1,219565,1
166,219667,1
600,219715,1
729,219729,1
757,219732,1
782,219735,1
817,219739,1
1031,219763,1
1810,219859,1
2260,219987,1
1,220078,1
157,220178,1
591,220226,1
730,220241,1
756,220244,1
773,220246,1
808,220250,1
1022,220274,1
1802,220370,1
2259,220498,1
1,220591,1
148,220689,1
582,220737,1
739,220754,1
747,220755,1
764,220757,1
799,220761,1
1013,220785,1
1794,220881,1
2258,221009,1
1,221104,1
139,221200,1
646,221256,1
683,221260,1
702,221262,1
712,221263,1
861,221280,1
1004,221296,1
1786,221392,1
2257,221520,1
1,221617,1
130,221711,1
637,221767,1
674,221771,1
693,221773,1
721,221776,1
852,221791,1
995,221807,1
1778,221903,1
2256,222031,1
1,222130,1
121,222222,1
628,222278,1
665,222282,1
694,222285,1
720,222288,1
843,222302,1
986,222318,1
1770,222414,1
2255,222542,1
1,222643,1
112,222733,1
619,222789,1
656,222793,1
703,222798,1
711,222799,1
834,222813,1
977,222829,1
1762,222925,1
2254,223053,1
1,223156,1
103,223244,1
610,223300,1
666,223306,1
676,223307,1
719,223312,1
825,223324,1
968,223340,1
1754,223436,1
2253,223564,1
1,223669,1
94,223755,1
601,223811,1
657,223817,1
685,223820,1
710,223823,1
816,223835,1
959,223851,1
1746,223947,1
2252,224075,1
1,224182,1
85,224266,1
592,224322,1
658,224329,1
684,224332,1
701,224334,1
807,224346,1
950,224362,1
1738,224458,1
2251,224586,1
1,224695,1
76,224777,1
583,224833,1
667,224842,1
675,224843,1
692,224845,1
798,224857,1
941,224873,1
1730,224969,1
2250,225097,1
1,225208,1
67,225288,1
611,225348,1
630,225350,1
640,225351,1
718,225360,1
789,225368,1
932,225384,1
1722,225480,1
2249,225608,1
1,225721,1
58,225799,1
602,225859,1
621,225861,1
649,225864,1
709,225871,1
780,225879,1
923,225895,1
1714,225991,1
2248,226119,1
1,226234,1
49,226310,1
593,226370,1
622,226373,1
648,226376,1
700,226382,1
771,226390,1
914,226406,1
1706,226502,1
2247,226630,1
1,226747,1
40,226821,1
584,226881,1
631,226886,1
639,226887,1
691,226893,1
762,226901,1
905,226917,1
1698,227013,1
2246,227141,1
1,227260,1
31,227332,1
594,227394,1
604,227395,1
647,227400,1
682,227404,1
753,227412,1
896,227428,1
1690,227524,1
2245,227652,1
1,227773,1
22,227843,1
585,227905,1
613,227908,1
638,227911,1
673,227915,1
744,227923,1
887,227939,1
1682,228035,1
2244,228163,1
1,228286,1
13,228354,1
586,228417,1
612,228420,1
629,228422,1
664,228426,1
735,228434,1
878,228450,1
1674,228546,1
2243,228674,1
1,228799,1
4,228865,1
595,228930,1
603,228931,1
620,228933,1
655,228937,1
726,228945,1
869,228961,1
1666,229057,1
2242,229185,1
1,229312,1
284,229408,1
429,229424,1
502,229432,1
539,229436,1
558,229438,1
568,229439,1
1147,229504,1
1658,229568,1
2241,229696,1
1,229825,1
275,229919,1
420,229935,1
493,229943,1
530,229947,1
549,229949,1
577,229952,1
1138,230015,1
1650,230079,1
2240,230207,1
1,230338,1
266,230430,1
411,230446,1
484,230454,1
521,230458,1
550,230461,1
576,230464,1
1129,230526,1
1642,230590,1
2239,230718,1
1,230851,1
257,230941,1
402,230957,1
475,230965,1
512,230969,1
559,230974,1
567,230975,1
1120,231037,1
1634,231101,1
2238,231229,1
1,231364,1
248,231452,1
393,231468,1
466,231476,1
522,231482,1
532,231483,1
575,231488,1
1111,231548,1
1626,231612,1
2237,231740,1
1,231877,1
239,231963,1
384,231979,1
457,231987,1
513,231993,1
541,231996,1
566,231999,1
1102,232059,1
1618,232123,1
2236,232251,1
1,232390,1
230,232474,1
375,232490,1
448,232498,1
514,232505,1
540,232508,1
557,232510,1
1093,232570,1
1610,232634,1
2235,232762,1
1,232903,1
221,232985,1
366,233001,1
439,233009,1
523,233018,1
531,233019,1
548,233021,1
1084,233081,1
1602,233145,1
2234,233273,1
1,233416,1
212,233496,1
357,233512,1
467,233524,1
486,233526,1
496,233527,1
574,233536,1
1075,233592,1
1594,233656,1
2233,233784,1
1,233929,1
203,234007,1
348,234023,1
458,234035,1
477,234037,1
505,234040,1
565,234047,1
1066,234103,1
1586,234167,1
2232,234295,1
1,234442,1
194,234518,1
339,234534,1
449,234546,1
478,234549,1
504,234552,1
556,234558,1
1057,234614,1
1578,234678,1
2231,234806,1
1,234955,1
185,235029,1
330,235045,1
440,235057,1
487,235062,1
495,235063,1
547,235069,1
1048,235125,1
1570,235189,1
2230,235317,1
1,235468,1
176,235540,1
321,235556,1
450,235570,1
460,235571,1
503,235576,1
538,235580,1
1039,235636,1
1562,235700,1
2229,235828,1
1,235981,1
167,236051,1
312,236067,1
441,236081,1
469,236084,1
494,236087,1
529,236091,1
1030,236147,1
1554,236211,1
2228,236339,1
1,236494,1
158,236562,1
303,236578,1
442,236593,1
468,236596,1
485,236598,1
520,236602,1
1021,236658,1
1546,236722,1
2227,236850,1
1,237007,1
149,237073,1
294,237089,1
451,237106,1
459,237107,1
476,237109,1
511,237113,1
1012,237169,1
1538,237233,1
2226,237361,1
1,237520,1
140,237584,1
358,237608,1
395,237612,1
414,237614,1
424,237615,1
573,237632,1
1003,237680,1
1530,237744,1
2225,237872,1
1,238033,1
131,238095,1
349,238119,1
386,238123,1
405,238125,1
433,238128,1
564,238143,1
994,238191,1
1522,238255,1
2224,238383,1
1,238546,1
122,238606,1
340,238630,1
377,238634,1
406,238637,1
432,238640,1
555,238654,1
985,238702,1
1514,238766,1
2223,238894,1
1,239059,1
113,239117,1
331,239141,1
368,239145,1
415,239150,1
423,239151,1
546,239165,1
976,239213,1
1506,239277,1
2222,239405,1
1,239572,1
104,239628,1
322,239652,1
378,239658,1
388,239659,1
431,239664,1
537,239676,1
967,239724,1
1498,239788,1
2221,239916,1
1,240085,1
95,240139,1
313,240163,1
369,240169,1
397,240172,1
422,240175,1
528,240187,1
958,240235,1
1490,240299,1
2220,240427,1
1,240598,1
86,240650,1
304,240674,1
370,240681,1
396,240684,1
413,240686,1
519,240698,1
949,240746,1
1482,240810,1
2219,240938,1
1,241111,1
77,241161,1
295,241185,1
379,241194,1
387,241195,1
404,241197,1
510,241209,1
940,241257,1
1474,241321,1
2218,241449,1
1,241624,1
68,241672,1
323,241700,1
342,241702,1
352,241703,1
430,241712,1
501,241720,1
931,241768,1
1466,241832,1
2217,241960,1
1,242137,1
59,242183,1
314,242211,1
333,242213,1
361,242216,1
421,242223,1
492,242231,1
922,242279,1
1458,242343,1
2216,242471,1
1,242650,1
50,242694,1
305,242722,1
334,242725,1
360,242728,1
412,242734,1
483,242742,1
913,242790,1
1450,242854,1
2215,242982,1
1,243163,1
41,243205,1
296,243233,1
343,243238,1
351,243239,1
403,243245,1
474,243253,1
904,243301,1
1442,243365,1
2214,243493,1
1,243676,1
32,243716,1
306,243746,1
316,243747,1
359,243752,1
394,243756,1
465,243764,1
895,243812,1
1434,243876,1
2213,244004,1
1,244189,1
23,244227,1
297,244257,1
325,244260,1
350,244263,1
385,244267,1
456,244275,1
886,244323,1
1426,244387,1
2212,244515,1
1,244702,1
14,244738,1
298,244769,1
324,244772,1
341,244774,1
376,244778,1
447,244786,1
877,244834,1
1418,244898,1
2211,245026,1
1,245215,1
5,245249,1
307,245282,1
315,245283,1
332,245285,1
367,245289,1
438,245297,1
868,245345,1
1410,245409,1
2210,245537,1
1,245728,1
141,245776,1
214,245784,1
251,245788,1
270,245790,1
280,245791,1
572,245824,1
859,245856,1
1402,245920,1
2209,246048,1
1,246241,1
132,246287,1
205,246295,1
242,246299,1
261,246301,1
289,246304,1
563,246335,1
850,246367,1
1394,246431,1
2208,246559,1
1,246754,1
123,246798,1
196,246806,1
233,246810,1
262,246813,1
288,246816,1
554,246846,1
841,246878,1
1386,246942,1
2207,247070,1
1,247267,1
114,247309,1
187,247317,1
224,247321,1
271,247326,1
279,247327,1
545,247357,1
832,247389,1
1378,247453,1
2206,247581,1
1,247780,1
105,247820,1
178,247828,1
234,247834,1
244,247835,1
287,247840,1
536,247868,1
823,247900,1
1370,247964,1
2205,248092,1
1,248293,1
96,248331,1
169,248339,1
225,248345,1
253,248348,1
278,248351,1
527,248379,1
814,248411,1
1362,248475,1
2204,248603,1
1,248806,1
87,248842,1
160,248850,1
226,248857,1
252,248860,1
269,248862,1
518,248890,1
805,248922,1
1354,248986,1
2203,249114,1
1,249319,1
78,249353,1
151,249361,1
235,249370,1
243,249371,1
260,249373,1
509,249401,1
796,249433,1
1346,249497,1
2202,249625,1
1,249832,1
69,249864,1
179,249876,1
198,249878,1
208,249879,1
286,249888,1
500,249912,1
787,249944,1
1338,250008,1
2201,250136,1
1,250345,1
60,250375,1
170,250387,1
189,250389,1
217,250392,1
277,250399,1
491,250423,1
778,250455,1
1330,250519,1
2200,250647,1
1,250858,1
51,250886,1
161,250898,1
190,250901,1
216,250904,1
268,250910,1
482,250934,1
769,250966,1
1322,251030,1
2199,251158,1
1,251371,1
42,251397,1
152,251409,1
199,251414,1
207,251415,1
259,251421,1
473,251445,1
760,251477,1
1314,251541,1
2198,251669,1
1,251884,1
33,251908,1
162,251922,1
172,251923,1
215,251928,1
250,251932,1
464,251956,1
751,251988,1
1306,252052,1
2197,252180,1
1,252397,1
24,252419,1
153,252433,1
181,252436,1
206,252439,1
241,252443,1
455,252467,1
742,252499,1
1298,252563,1
2196,252691,1
1,252910,1
15,252930,1
154,252945,1
180,252948,1
197,252950,1
232,252954,1
446,252978,1
733,253010,1
1290,253074,1
2195,253202,1
1,253423,1
6,253441,1
163,253458,1
171,253459,1
188,253461,1
223,253465,1
437,253489,1
724,253521,1
1282,253585,1
2194,253713,1
1,253936,1
70,253960,1
107,253964,1
126,253966,1
136,253967,1
285,253984,1
428,254000,1
715,254032,1
1274,254096,1
2193,254224,1
1,254449,1
61,254471,1
98,254475,1
117,254477,1
145,254480,1
276,254495,1
419,254511,1
706,254543,1
1266,254607,1
2192,254735,1
1,254962,1
52,254982,1
89,254986,1
118,254989,1
144,254992,1
267,255006,1
410,255022,1
697,255054,1
1258,255118,1
2191,255246,1
1,255475,1
43,255493,1
80,255497,1
127,255502,1
135,255503,1
258,255517,1
401,255533,1
688,255565,1
1250,255629,1
2190,255757,1
1,255988,1
34,256004,1
90,256010,1
100,256011,1
143,256016,1
249,256028,1
392,256044,1
679,256076,1
1242,256140,1
2189,256268,1
1,256501,1
25,256515,1
81,256521,1
109,256524,1
134,256527,1
240,256539,1
383,256555,1
670,256587,1
1234,256651,1
2188,256779,1
1,257014,1
16,257026,1
82,257033,1
108,257036,1
125,257038,1
231,257050,1
374,257066,1
661,257098,1
1226,257162,1
2187,257290,1
1,257527,1
7,257537,1
91,257546,1
99,257547,1
116,257549,1
222,257561,1
365,257577,1
652,257609,1
1218,257673,1
2186,257801,1
1,258040,1
35,258052,1
54,258054,1
64,258055,1
142,258064,1
213,258072,1
356,258088,1
643,258120,1
1210,258184,1
2185,258312,1
1,258553,1
26,258563,1
45,258565,1
73,258568,1
133,258575,1
204,258583,1
347,258599,1
634,258631,1
1202,258695,1
2184,258823,1
1,259066,1
17,259074,1
46,259077,1
72,259080,1
124,259086,1
195,259094,1
338,259110,1
625,259142,1
1194,259206,1
2183,259334,1
1,259579,1
8,259585,1
55,259590,1
63,259591,1
115,259597,1
186,259605,1
329,259621,1
616,259653,1
1186,259717,1
2182,259845,1
1,260092,1
18,260098,1
28,260099,1
71,260104,1
106,260108,1
177,260116,1
320,260132,1
607,260164,1
1178,260228,1
2181,260356,1
1,260605,1
9,260609,1
37,260612,1
62,260615,1
97,260619,1
168,260627,1
311,260643,1
598,260675,1
1170,260739,1
2180,260867,1
1,261118,1
10,261121,1
36,261124,1
53,261126,1
88,261130,1
159,261138,1
302,261154,1
589,261186,1
1162,261250,1
2179,261378,1
1,261631,1
19,261634,1
27,261635,1
44,261637,1
79,261641,1
150,261649,1
293,261665,1
580,261697,1
1154,261761,1
2178,261889,1
1,262144,1
