1,1,1
2,32,1
3,48,1
5,56,1
8,60,1
12,62,1
17,63,1
23,64,1
4,80,1
6,88,1
9,92,1
13,94,1
18,95,1
24,96,1
7,104,1
10,108,1
14,110,1
19,111,1
25,112,1
11,116,1
15,118,1
20,119,1
26,120,1
16,122,1
21,123,1
27,124,1
22,125,1
28,126,1
29,127,1
1,130,1
30,159,1
31,175,1
33,183,1
36,187,1
40,189,1
51,191,1
45,192,1
32,207,1
34,215,1
37,219,1
41,221,1
52,223,1
46,224,1
35,231,1
38,235,1
42,237,1
53,239,1
47,240,1
39,243,1
43,245,1
54,247,1
48,248,1
44,249,1
55,251,1
49,252,1
56,253,1
50,254,1
57,256,1
1,259,1
58,286,1
59,302,1
61,310,1
64,314,1
73,317,1
79,318,1
68,320,1
60,334,1
62,342,1
65,346,1
74,349,1
80,350,1
69,352,1
63,358,1
66,362,1
75,365,1
81,366,1
70,368,1
67,370,1
76,373,1
82,374,1
71,376,1
77,377,1
83,378,1
72,380,1
85,381,1
78,383,1
84,384,1
1,388,1
86,413,1
87,429,1
89,437,1
92,441,1
107,445,1
101,446,1
96,447,1
88,461,1
90,469,1
93,473,1
108,477,1
102,478,1
97,479,1
91,485,1
94,489,1
109,493,1
103,494,1
98,495,1
95,497,1
110,501,1
104,502,1
99,503,1
111,505,1
105,506,1
100,507,1
113,510,1
112,511,1
106,512,1
1,517,1
114,540,1
115,556,1
117,564,1
124,570,1
129,571,1
135,572,1
120,576,1
116,588,1
118,596,1
125,602,1
130,603,1
136,604,1
121,608,1
119,612,1
126,618,1
131,619,1
137,620,1
122,624,1
127,626,1
132,627,1
138,628,1
123,632,1
134,633,1
140,634,1
141,635,1
128,638,1
133,639,1
139,640,1
1,646,1
142,667,1
143,683,1
145,691,1
152,697,1
163,699,1
157,700,1
148,703,1
144,715,1
146,723,1
153,729,1
164,731,1
158,732,1
149,735,1
147,739,1
154,745,1
165,747,1
159,748,1
150,751,1
155,753,1
166,755,1
160,756,1
151,759,1
168,761,1
162,762,1
169,764,1
156,765,1
167,767,1
161,768,1
1,775,1
170,794,1
171,810,1
173,818,1
185,825,1
191,826,1
180,828,1
176,830,1
172,842,1
174,850,1
186,857,1
192,858,1
181,860,1
177,862,1
175,866,1
187,873,1
193,874,1
182,876,1
178,878,1
188,881,1
194,882,1
183,884,1
179,886,1
197,889,1
190,891,1
196,892,1
189,893,1
195,894,1
184,896,1
1,904,1
198,921,1
199,937,1
201,945,1
219,953,1
213,954,1
208,955,1
204,957,1
200,969,1
202,977,1
220,985,1
214,986,1
209,987,1
205,989,1
203,993,1
221,1001,1
215,1002,1
210,1003,1
206,1005,1
222,1009,1
216,1010,1
211,1011,1
207,1013,1
225,1018,1
224,1019,1
218,1020,1
223,1021,1
217,1022,1
212,1023,1
1,1033,1
226,1048,1
227,1064,1
232,1076,1
236,1078,1
241,1079,1
247,1080,1
229,1088,1
228,1096,1
233,1108,1
237,1110,1
242,1111,1
248,1112,1
230,1120,1
234,1124,1
238,1126,1
243,1127,1
249,1128,1
231,1136,1
240,1138,1
245,1139,1
251,1140,1
246,1141,1
252,1142,1
253,1143,1
235,1148,1
239,1150,1
244,1151,1
250,1152,1
1,1162,1
254,1175,1
255,1191,1
260,1203,1
264,1205,1
275,1207,1
269,1208,1
257,1215,1
256,1223,1
261,1235,1
265,1237,1
276,1239,1
270,1240,1
258,1247,1
262,1251,1
266,1253,1
277,1255,1
271,1256,1
259,1263,1
268,1265,1
279,1267,1
273,1268,1
280,1269,1
274,1270,1
281,1272,1
263,1275,1
267,1277,1
278,1279,1
272,1280,1
1,1291,1
282,1302,1
283,1318,1
288,1330,1
297,1333,1
303,1334,1
292,1336,1
285,1342,1
284,1350,1
289,1362,1
298,1365,1
304,1366,1
293,1368,1
286,1374,1
290,1378,1
299,1381,1
305,1382,1
294,1384,1
287,1390,1
301,1393,1
307,1394,1
296,1396,1
309,1397,1
302,1399,1
308,1400,1
291,1402,1
300,1405,1
306,1406,1
295,1408,1
1,1420,1
310,1429,1
311,1445,1
316,1457,1
331,1461,1
325,1462,1
320,1463,1
313,1469,1
312,1477,1
317,1489,1
332,1493,1
326,1494,1
321,1495,1
314,1501,1
318,1505,1
333,1509,1
327,1510,1
322,1511,1
315,1517,1
335,1521,1
329,1522,1
324,1523,1
337,1526,1
336,1527,1
330,1528,1
319,1529,1
334,1533,1
328,1534,1
323,1535,1
1,1549,1
338,1556,1
339,1572,1
348,1586,1
353,1587,1
359,1588,1
344,1592,1
341,1596,1
340,1604,1
349,1618,1
354,1619,1
360,1620,1
345,1624,1
342,1628,1
350,1634,1
355,1635,1
361,1636,1
346,1640,1
343,1644,1
358,1649,1
364,1650,1
365,1651,1
352,1654,1
357,1655,1
363,1656,1
351,1658,1
356,1659,1
362,1660,1
347,1664,1
1,1678,1
366,1683,1
367,1699,1
376,1713,1
387,1715,1
381,1716,1
372,1719,1
369,1723,1
368,1731,1
377,1745,1
388,1747,1
382,1748,1
373,1751,1
370,1755,1
378,1761,1
389,1763,1
383,1764,1
374,1767,1
371,1771,1
392,1777,1
386,1778,1
393,1780,1
380,1781,1
391,1783,1
385,1784,1
379,1785,1
390,1787,1
384,1788,1
375,1791,1
1,1807,1
394,1810,1
395,1826,1
409,1841,1
415,1842,1
404,1844,1
400,1846,1
397,1850,1
396,1858,1
410,1873,1
416,1874,1
405,1876,1
401,1878,1
398,1882,1
411,1889,1
417,1890,1
406,1892,1
402,1894,1
399,1898,1
421,1905,1
414,1907,1
420,1908,1
413,1909,1
419,1910,1
408,1912,1
412,1913,1
418,1914,1
407,1916,1
403,1918,1
1,1936,1
422,1937,1
423,1953,1
443,1969,1
437,1970,1
432,1971,1
428,1973,1
425,1977,1
424,1985,1
444,2001,1
438,2002,1
433,2003,1
429,2005,1
426,2009,1
445,2017,1
439,2018,1
434,2019,1
430,2021,1
427,2025,1
449,2034,1
448,2035,1
442,2036,1
447,2037,1
441,2038,1
436,2039,1
446,2041,1
440,2042,1
435,2043,1
431,2045,1
422,2064,1
1,2065,1
452,2088,1
455,2092,1
459,2094,1
464,2095,1
470,2096,1
450,2112,1
453,2120,1
456,2124,1
460,2126,1
465,2127,1
471,2128,1
451,2144,1
458,2148,1
462,2150,1
467,2151,1
473,2152,1
463,2154,1
468,2155,1
474,2156,1
469,2157,1
475,2158,1
476,2159,1
454,2168,1
457,2172,1
461,2174,1
466,2175,1
472,2176,1
394,2191,1
1,2194,1
479,2215,1
482,2219,1
486,2221,1
497,2223,1
491,2224,1
477,2239,1
480,2247,1
483,2251,1
487,2253,1
498,2255,1
492,2256,1
478,2271,1
485,2275,1
489,2277,1
500,2279,1
494,2280,1
490,2281,1
501,2283,1
495,2284,1
502,2285,1
496,2286,1
503,2288,1
481,2295,1
484,2299,1
488,2301,1
499,2303,1
493,2304,1
366,2318,1
1,2323,1
506,2342,1
509,2346,1
518,2349,1
524,2350,1
513,2352,1
504,2366,1
507,2374,1
510,2378,1
519,2381,1
525,2382,1
514,2384,1
505,2398,1
512,2402,1
521,2405,1
527,2406,1
516,2408,1
522,2409,1
528,2410,1
517,2412,1
530,2413,1
523,2415,1
529,2416,1
508,2422,1
511,2426,1
520,2429,1
526,2430,1
515,2432,1
338,2445,1
1,2452,1
533,2469,1
536,2473,1
551,2477,1
545,2478,1
540,2479,1
531,2493,1
534,2501,1
537,2505,1
552,2509,1
546,2510,1
541,2511,1
532,2525,1
539,2529,1
554,2533,1
548,2534,1
543,2535,1
555,2537,1
549,2538,1
544,2539,1
557,2542,1
556,2543,1
550,2544,1
535,2549,1
538,2553,1
553,2557,1
547,2558,1
542,2559,1
310,2572,1
1,2581,1
560,2596,1
567,2602,1
572,2603,1
578,2604,1
563,2608,1
558,2620,1
561,2628,1
568,2634,1
573,2635,1
579,2636,1
564,2640,1
559,2652,1
570,2658,1
575,2659,1
581,2660,1
566,2664,1
577,2665,1
583,2666,1
584,2667,1
571,2670,1
576,2671,1
582,2672,1
562,2676,1
569,2682,1
574,2683,1
580,2684,1
565,2688,1
282,2699,1
1,2710,1
587,2723,1
594,2729,1
605,2731,1
599,2732,1
590,2735,1
585,2747,1
588,2755,1
595,2761,1
606,2763,1
600,2764,1
591,2767,1
586,2779,1
597,2785,1
608,2787,1
602,2788,1
593,2791,1
610,2793,1
604,2794,1
611,2796,1
598,2797,1
609,2799,1
603,2800,1
589,2803,1
596,2809,1
607,2811,1
601,2812,1
592,2815,1
254,2826,1
1,2839,1
614,2850,1
626,2857,1
632,2858,1
621,2860,1
617,2862,1
612,2874,1
615,2882,1
627,2889,1
633,2890,1
622,2892,1
618,2894,1
613,2906,1
629,2913,1
635,2914,1
624,2916,1
620,2918,1
638,2921,1
631,2923,1
637,2924,1
630,2925,1
636,2926,1
625,2928,1
616,2930,1
628,2937,1
634,2938,1
623,2940,1
619,2942,1
226,2953,1
1,2968,1
641,2977,1
659,2985,1
653,2986,1
648,2987,1
644,2989,1
639,3001,1
642,3009,1
660,3017,1
654,3018,1
649,3019,1
645,3021,1
640,3033,1
662,3041,1
656,3042,1
651,3043,1
647,3045,1
665,3050,1
664,3051,1
658,3052,1
663,3053,1
657,3054,1
652,3055,1
643,3057,1
661,3065,1
655,3066,1
650,3067,1
646,3069,1
198,3080,1
1,3097,1
671,3108,1
675,3110,1
680,3111,1
686,3112,1
668,3120,1
666,3128,1
672,3140,1
676,3142,1
681,3143,1
687,3144,1
669,3152,1
667,3160,1
679,3170,1
684,3171,1
690,3172,1
685,3173,1
691,3174,1
692,3175,1
674,3180,1
678,3182,1
683,3183,1
689,3184,1
673,3188,1
677,3190,1
682,3191,1
688,3192,1
670,3200,1
170,3207,1
1,3226,1
698,3235,1
702,3237,1
713,3239,1
707,3240,1
695,3247,1
693,3255,1
699,3267,1
703,3269,1
714,3271,1
708,3272,1
696,3279,1
694,3287,1
706,3297,1
717,3299,1
711,3300,1
718,3301,1
712,3302,1
719,3304,1
701,3307,1
705,3309,1
716,3311,1
710,3312,1
700,3315,1
704,3317,1
715,3319,1
709,3320,1
697,3327,1
142,3334,1
1,3355,1
725,3362,1
734,3365,1
740,3366,1
729,3368,1
722,3374,1
720,3382,1
726,3394,1
735,3397,1
741,3398,1
730,3400,1
723,3406,1
721,3414,1
738,3425,1
744,3426,1
733,3428,1
746,3429,1
739,3431,1
745,3432,1
728,3434,1
737,3437,1
743,3438,1
732,3440,1
727,3442,1
736,3445,1
742,3446,1
731,3448,1
724,3454,1
114,3461,1
1,3484,1
752,3489,1
767,3493,1
761,3494,1
756,3495,1
749,3501,1
747,3509,1
753,3521,1
768,3525,1
762,3526,1
757,3527,1
750,3533,1
748,3541,1
771,3553,1
765,3554,1
760,3555,1
773,3558,1
772,3559,1
766,3560,1
755,3561,1
770,3565,1
764,3566,1
759,3567,1
754,3569,1
769,3573,1
763,3574,1
758,3575,1
751,3581,1
86,3588,1
1,3613,1
783,3618,1
788,3619,1
794,3620,1
779,3624,1
776,3628,1
774,3636,1
784,3650,1
789,3651,1
795,3652,1
780,3656,1
777,3660,1
775,3668,1
793,3681,1
799,3682,1
800,3683,1
787,3686,1
792,3687,1
798,3688,1
786,3690,1
791,3691,1
797,3692,1
782,3696,1
785,3698,1
790,3699,1
796,3700,1
781,3704,1
778,3708,1
58,3715,1
1,3742,1
810,3745,1
821,3747,1
815,3748,1
806,3751,1
803,3755,1
801,3763,1
811,3777,1
822,3779,1
816,3780,1
807,3783,1
804,3787,1
802,3795,1
826,3809,1
820,3810,1
827,3812,1
814,3813,1
825,3815,1
819,3816,1
813,3817,1
824,3819,1
818,3820,1
809,3823,1
812,3825,1
823,3827,1
817,3828,1
808,3831,1
805,3835,1
30,3842,1
1,3871,1
842,3873,1
848,3874,1
837,3876,1
833,3878,1
830,3882,1
828,3890,1
843,3905,1
849,3906,1
838,3908,1
834,3910,1
831,3914,1
829,3922,1
854,3937,1
847,3939,1
853,3940,1
846,3941,1
852,3942,1
841,3944,1
845,3945,1
851,3946,1
840,3948,1
836,3950,1
844,3953,1
850,3954,1
839,3956,1
835,3958,1
832,3962,1
2,3969,1
1,4000,1
875,4001,1
869,4002,1
864,4003,1
860,4005,1
857,4009,1
855,4017,1
876,4033,1
870,4034,1
865,4035,1
861,4037,1
858,4041,1
856,4049,1
881,4066,1
880,4067,1
874,4068,1
879,4069,1
873,4070,1
868,4071,1
878,4073,1
872,4074,1
867,4075,1
863,4077,1
877,4081,1
871,4082,1
866,4083,1
862,4085,1
859,4089,1
423,4112,1
641,4120,1
752,4124,1
810,4126,1
842,4127,1
875,4128,1
1,4129,1
882,4160,1
885,4168,1
887,4172,1
890,4174,1
894,4175,1
899,4176,1
888,4180,1
891,4182,1
895,4183,1
900,4184,1
892,4186,1
896,4187,1
901,4188,1
897,4189,1
902,4190,1
903,4191,1
883,4208,1
884,4216,1
886,4220,1
889,4222,1
893,4223,1
898,4224,1
395,4239,1
614,4247,1
725,4251,1
783,4253,1
848,4255,1
869,4256,1
1,4258,1
904,4287,1
907,4295,1
909,4299,1
912,4301,1
921,4303,1
916,4304,1
910,4307,1
913,4309,1
922,4311,1
917,4312,1
914,4313,1
923,4315,1
918,4316,1
924,4317,1
919,4318,1
925,4320,1
905,4335,1
906,4343,1
908,4347,1
911,4349,1
920,4351,1
915,4352,1
367,4366,1
587,4374,1
698,4378,1
788,4381,1
821,4382,1
864,4384,1
1,4387,1
926,4414,1
929,4422,1
931,4426,1
938,4429,1
943,4430,1
934,4432,1
932,4434,1
939,4437,1
944,4438,1
935,4440,1
940,4441,1
945,4442,1
936,4444,1
947,4445,1
941,4447,1
946,4448,1
927,4462,1
928,4470,1
930,4474,1
937,4477,1
942,4478,1
933,4480,1
339,4493,1
560,4501,1
671,4505,1
794,4509,1
815,4510,1
837,4511,1
1,4516,1
948,4541,1
951,4549,1
953,4553,1
965,4557,1
960,4558,1
956,4559,1
954,4561,1
966,4565,1
961,4566,1
957,4567,1
967,4569,1
962,4570,1
958,4571,1
969,4574,1
968,4575,1
963,4576,1
949,4589,1
950,4597,1
952,4601,1
964,4605,1
959,4606,1
955,4607,1
311,4620,1
533,4628,1
702,4634,1
734,4635,1
767,4636,1
860,4640,1
1,4645,1
970,4668,1
973,4676,1
978,4682,1
982,4683,1
987,4684,1
975,4688,1
979,4690,1
983,4691,1
988,4692,1
976,4696,1
985,4697,1
990,4698,1
991,4699,1
980,4702,1
984,4703,1
989,4704,1
971,4716,1
972,4724,1
977,4730,1
981,4731,1
986,4732,1
974,4736,1
283,4747,1
506,4755,1
675,4761,1
740,4763,1
761,4764,1
833,4767,1
1,4774,1
992,4795,1
995,4803,1
1000,4809,1
1009,4811,1
1004,4812,1
997,4815,1
1001,4817,1
1010,4819,1
1005,4820,1
998,4823,1
1012,4825,1
1007,4826,1
1013,4828,1
1002,4829,1
1011,4831,1
1006,4832,1
993,4843,1
994,4851,1
999,4857,1
1008,4859,1
1003,4860,1
996,4863,1
255,4874,1
479,4882,1
680,4889,1
713,4890,1
756,4892,1
806,4894,1
1,4903,1
1014,4922,1
1017,4930,1
1026,4937,1
1031,4938,1
1022,4940,1
1019,4942,1
1027,4945,1
1032,4946,1
1023,4948,1
1020,4950,1
1035,4953,1
1029,4955,1
1034,4956,1
1028,4957,1
1033,4958,1
1024,4960,1
1015,4970,1
1016,4978,1
1025,4985,1
1030,4986,1
1021,4988,1
1018,4990,1
227,5001,1
452,5009,1
686,5017,1
707,5018,1
729,5019,1
779,5021,1
1,5032,1
1036,5049,1
1039,5057,1
1053,5065,1
1048,5066,1
1044,5067,1
1041,5069,1
1054,5073,1
1049,5074,1
1045,5075,1
1042,5077,1
1057,5082,1
1056,5083,1
1051,5084,1
1055,5085,1
1050,5086,1
1046,5087,1
1037,5097,1
1038,5105,1
1052,5113,1
1047,5114,1
1043,5115,1
1040,5117,1
199,5128,1
536,5140,1
594,5142,1
626,5143,1
659,5144,1
857,5152,1
1,5161,1
1058,5176,1
1063,5188,1
1066,5190,1
1070,5191,1
1075,5192,1
1061,5200,1
1068,5202,1
1072,5203,1
1077,5204,1
1073,5205,1
1078,5206,1
1079,5207,1
1064,5212,1
1067,5214,1
1071,5215,1
1076,5216,1
1059,5224,1
1062,5236,1
1065,5238,1
1069,5239,1
1074,5240,1
1060,5248,1
171,5255,1
509,5267,1
567,5269,1
632,5271,1
653,5272,1
830,5279,1
1,5290,1
1080,5303,1
1085,5315,1
1088,5317,1
1097,5319,1
1092,5320,1
1083,5327,1
1090,5329,1
1099,5331,1
1094,5332,1
1100,5333,1
1095,5334,1
1101,5336,1
1086,5339,1
1089,5341,1
1098,5343,1
1093,5344,1
1081,5351,1
1084,5363,1
1087,5365,1
1096,5367,1
1091,5368,1
1082,5375,1
143,5382,1
482,5394,1
572,5397,1
605,5398,1
648,5400,1
803,5406,1
1,5419,1
1102,5430,1
1107,5442,1
1114,5445,1
1119,5446,1
1110,5448,1
1105,5454,1
1116,5457,1
1121,5458,1
1112,5460,1
1123,5461,1
1117,5463,1
1122,5464,1
1108,5466,1
1115,5469,1
1120,5470,1
1111,5472,1
1103,5478,1
1106,5490,1
1113,5493,1
1118,5494,1
1109,5496,1
1104,5502,1
115,5509,1
455,5521,1
578,5525,1
599,5526,1
621,5527,1
776,5533,1
1,5548,1
1124,5557,1
1129,5569,1
1141,5573,1
1136,5574,1
1132,5575,1
1127,5581,1
1143,5585,1
1138,5586,1
1134,5587,1
1145,5590,1
1144,5591,1
1139,5592,1
1130,5593,1
1142,5597,1
1137,5598,1
1133,5599,1
1125,5605,1
1128,5617,1
1140,5621,1
1135,5622,1
1131,5623,1
1126,5629,1
87,5636,1
486,5650,1
518,5651,1
551,5652,1
644,5656,1
749,5660,1
1,5677,1
1146,5684,1
1154,5698,1
1158,5699,1
1163,5700,1
1151,5704,1
1149,5708,1
1161,5713,1
1166,5714,1
1167,5715,1
1156,5718,1
1160,5719,1
1165,5720,1
1155,5722,1
1159,5723,1
1164,5724,1
1152,5728,1
1147,5732,1
1153,5746,1
1157,5747,1
1162,5748,1
1150,5752,1
1148,5756,1
59,5763,1
459,5777,1
524,5779,1
545,5780,1
617,5783,1
722,5787,1
1,5806,1
1168,5811,1
1176,5825,1
1185,5827,1
1180,5828,1
1173,5831,1
1171,5835,1
1188,5841,1
1183,5842,1
1189,5844,1
1178,5845,1
1187,5847,1
1182,5848,1
1177,5849,1
1186,5851,1
1181,5852,1
1174,5855,1
1169,5859,1
1175,5873,1
1184,5875,1
1179,5876,1
1172,5879,1
1170,5883,1
31,5890,1
464,5905,1
497,5906,1
540,5908,1
590,5910,1
695,5914,1
1,5935,1
1190,5938,1
1202,5953,1
1207,5954,1
1198,5956,1
1195,5958,1
1193,5962,1
1211,5969,1
1205,5971,1
1210,5972,1
1204,5973,1
1209,5974,1
1200,5976,1
1203,5977,1
1208,5978,1
1199,5980,1
1196,5982,1
1191,5986,1
1201,6001,1
1206,6002,1
1197,6004,1
1194,6006,1
1192,6010,1
3,6017,1
470,6033,1
491,6034,1
513,6035,1
563,6037,1
668,6041,1
1,6064,1
1212,6065,1
1229,6081,1
1224,6082,1
1220,6083,1
1217,6085,1
1215,6089,1
1233,6098,1
1232,6099,1
1227,6100,1
1231,6101,1
1226,6102,1
1222,6103,1
1230,6105,1
1225,6106,1
1221,6107,1
1218,6109,1
1213,6113,1
1228,6129,1
1223,6130,1
1219,6131,1
1216,6133,1
1214,6137,1
201,6152,1
316,6156,1
376,6158,1
409,6159,1
443,6160,1
855,6176,1
1212,6192,1
1,6193,1
1239,6212,1
1242,6214,1
1246,6215,1
1251,6216,1
1243,6218,1
1247,6219,1
1252,6220,1
1248,6221,1
1253,6222,1
1254,6223,1
1236,6232,1
1238,6236,1
1241,6238,1
1245,6239,1
1250,6240,1
1235,6248,1
1237,6252,1
1240,6254,1
1244,6255,1
1249,6256,1
1234,6272,1
173,6279,1
288,6283,1
348,6285,1
415,6287,1
437,6288,1
828,6303,1
1190,6319,1
1,6322,1
1260,6339,1
1263,6341,1
1272,6343,1
1267,6344,1
1264,6345,1
1273,6347,1
1268,6348,1
1274,6349,1
1269,6350,1
1275,6352,1
1257,6359,1
1259,6363,1
1262,6365,1
1271,6367,1
1266,6368,1
1256,6375,1
1258,6379,1
1261,6381,1
1270,6383,1
1265,6384,1
1255,6399,1
145,6406,1
260,6410,1
353,6413,1
387,6414,1
432,6416,1
801,6430,1
1168,6446,1
1,6451,1
1281,6466,1
1288,6469,1
1293,6470,1
1284,6472,1
1289,6473,1
1294,6474,1
1285,6476,1
1296,6477,1
1290,6479,1
1295,6480,1
1278,6486,1
1280,6490,1
1287,6493,1
1292,6494,1
1283,6496,1
1277,6502,1
1279,6506,1
1286,6509,1
1291,6510,1
1282,6512,1
1276,6526,1
117,6533,1
232,6537,1
359,6541,1
381,6542,1
404,6543,1
774,6557,1
1146,6573,1
1,6580,1
1302,6593,1
1314,6597,1
1309,6598,1
1305,6599,1
1315,6601,1
1310,6602,1
1306,6603,1
1317,6606,1
1316,6607,1
1311,6608,1
1299,6613,1
1301,6617,1
1313,6621,1
1308,6622,1
1304,6623,1
1298,6629,1
1300,6633,1
1312,6637,1
1307,6638,1
1303,6639,1
1297,6653,1
89,6660,1
264,6666,1
297,6667,1
331,6668,1
428,6672,1
747,6684,1
1124,6700,1
1,6709,1
1326,6722,1
1330,6723,1
1335,6724,1
1323,6728,1
1332,6729,1
1337,6730,1
1338,6731,1
1327,6734,1
1331,6735,1
1336,6736,1
1320,6740,1
1325,6746,1
1329,6747,1
1334,6748,1
1322,6752,1
1319,6756,1
1324,6762,1
1328,6763,1
1333,6764,1
1321,6768,1
1318,6780,1
61,6787,1
236,6793,1
303,6795,1
325,6796,1
400,6799,1
720,6811,1
1102,6827,1
1,6838,1
1347,6849,1
1356,6851,1
1351,6852,1
1344,6855,1
1358,6857,1
1353,6858,1
1359,6860,1
1348,6861,1
1357,6863,1
1352,6864,1
1341,6867,1
1346,6873,1
1355,6875,1
1350,6876,1
1343,6879,1
1340,6883,1
1345,6889,1
1354,6891,1
1349,6892,1
1342,6895,1
1339,6907,1
33,6914,1
241,6921,1
275,6922,1
320,6924,1
372,6926,1
693,6938,1
1080,6954,1
1,6967,1
1372,6977,1
1377,6978,1
1368,6980,1
1365,6982,1
1380,6985,1
1374,6987,1
1379,6988,1
1373,6989,1
1378,6990,1
1369,6992,1
1362,6994,1
1371,7001,1
1376,7002,1
1367,7004,1
1364,7006,1
1361,7010,1
1370,7017,1
1375,7018,1
1366,7020,1
1363,7022,1
1360,7034,1
5,7041,1
247,7049,1
269,7050,1
292,7051,1
344,7053,1
666,7065,1
1058,7081,1
1,7096,1
1398,7105,1
1393,7106,1
1389,7107,1
1386,7109,1
1401,7114,1
1400,7115,1
1395,7116,1
1399,7117,1
1394,7118,1
1390,7119,1
1383,7121,1
1397,7129,1
1392,7130,1
1388,7131,1
1385,7133,1
1382,7137,1
1396,7145,1
1391,7146,1
1387,7147,1
1384,7149,1
1381,7161,1
92,7172,1
152,7174,1
185,7175,1
219,7176,1
425,7184,1
639,7192,1
1036,7208,1
1,7225,1
1411,7234,1
1415,7235,1
1420,7236,1
1416,7237,1
1421,7238,1
1422,7239,1
1407,7244,1
1410,7246,1
1414,7247,1
1419,7248,1
1406,7252,1
1409,7254,1
1413,7255,1
1418,7256,1
1404,7264,1
1405,7268,1
1408,7270,1
1412,7271,1
1417,7272,1
1403,7280,1
1402,7288,1
64,7299,1
124,7301,1
191,7303,1
213,7304,1
397,7311,1
612,7319,1
1014,7335,1
1,7354,1
1432,7361,1
1441,7363,1
1436,7364,1
1442,7365,1
1437,7366,1
1443,7368,1
1428,7371,1
1431,7373,1
1440,7375,1
1435,7376,1
1427,7379,1
1430,7381,1
1439,7383,1
1434,7384,1
1425,7391,1
1426,7395,1
1429,7397,1
1438,7399,1
1433,7400,1
1424,7407,1
1423,7415,1
36,7426,1
129,7429,1
163,7430,1
208,7432,1
369,7438,1
585,7446,1
992,7462,1
1,7483,1
1457,7489,1
1462,7490,1
1453,7492,1
1464,7493,1
1458,7495,1
1463,7496,1
1449,7498,1
1456,7501,1
1461,7502,1
1452,7504,1
1448,7506,1
1455,7509,1
1460,7510,1
1451,7512,1
1446,7518,1
1447,7522,1
1454,7525,1
1459,7526,1
1450,7528,1
1445,7534,1
1444,7542,1
8,7553,1
135,7557,1
157,7558,1
180,7559,1
341,7565,1
558,7573,1
970,7589,1
1,7612,1
1483,7617,1
1478,7618,1
1474,7619,1
1485,7622,1
1484,7623,1
1479,7624,1
1470,7625,1
1482,7629,1
1477,7630,1
1473,7631,1
1469,7633,1
1481,7637,1
1476,7638,1
1472,7639,1
1467,7645,1
1468,7649,1
1480,7653,1
1475,7654,1
1471,7655,1
1466,7661,1
1465,7669,1
40,7682,1
73,7683,1
107,7684,1
204,7688,1
313,7692,1
531,7700,1
948,7716,1
1,7741,1
1500,7745,1
1505,7746,1
1506,7747,1
1495,7750,1
1499,7751,1
1504,7752,1
1494,7754,1
1498,7755,1
1503,7756,1
1491,7760,1
1493,7762,1
1497,7763,1
1502,7764,1
1490,7768,1
1488,7772,1
1492,7778,1
1496,7779,1
1501,7780,1
1489,7784,1
1487,7788,1
1486,7796,1
12,7809,1
79,7811,1
101,7812,1
176,7815,1
285,7819,1
504,7827,1
926,7843,1
1,7870,1
1526,7873,1
1521,7874,1
1527,7876,1
1516,7877,1
1525,7879,1
1520,7880,1
1515,7881,1
1524,7883,1
1519,7884,1
1512,7887,1
1514,7889,1
1523,7891,1
1518,7892,1
1511,7895,1
1509,7899,1
1513,7905,1
1522,7907,1
1517,7908,1
1510,7911,1
1508,7915,1
1507,7923,1
17,7937,1
51,7938,1
96,7940,1
148,7942,1
257,7946,1
477,7954,1
904,7970,1
1,7999,1
1548,8001,1
1542,8003,1
1547,8004,1
1541,8005,1
1546,8006,1
1537,8008,1
1540,8009,1
1545,8010,1
1536,8012,1
1533,8014,1
1539,8017,1
1544,8018,1
1535,8020,1
1532,8022,1
1530,8026,1
1538,8033,1
1543,8034,1
1534,8036,1
1531,8038,1
1529,8042,1
1528,8050,1
23,8065,1
45,8066,1
68,8067,1
120,8069,1
229,8073,1
450,8081,1
882,8097,1
1,8128,1
1569,8130,1
1568,8131,1
1563,8132,1
1567,8133,1
1562,8134,1
1558,8135,1
1566,8137,1
1561,8138,1
1557,8139,1
1554,8141,1
1565,8145,1
1560,8146,1
1556,8147,1
1553,8149,1
1551,8153,1
1564,8161,1
1559,8162,1
1555,8163,1
1552,8165,1
1550,8169,1
1549,8177,1
424,8208,1
642,8216,1
753,8220,1
811,8222,1
843,8223,1
876,8224,1
1039,8232,1
1129,8236,1
1176,8238,1
1202,8239,1
1229,8240,1
1302,8244,1
1347,8246,1
1372,8247,1
1398,8248,1
1432,8250,1
1457,8251,1
1483,8252,1
1500,8253,1
1526,8254,1
1548,8255,1
1,8257,1
1570,8288,1
1571,8304,1
1572,8312,1
1573,8316,1
1574,8318,1
1575,8319,1
1576,8320,1
396,8335,1
615,8343,1
726,8347,1
784,8349,1
849,8351,1
870,8352,1
1017,8359,1
1107,8363,1
1154,8365,1
1207,8367,1
1224,8368,1
1281,8371,1
1326,8373,1
1377,8375,1
1393,8376,1
1411,8377,1
1462,8379,1
1478,8380,1
1505,8381,1
1521,8382,1
1569,8384,1
1,8386,1
1577,8415,1
1578,8431,1
1579,8439,1
1580,8443,1
1581,8445,1
1583,8447,1
1582,8448,1
368,8462,1
588,8470,1
699,8474,1
789,8477,1
822,8478,1
865,8480,1
995,8486,1
1085,8490,1
1158,8493,1
1185,8494,1
1220,8496,1
1260,8498,1
1330,8501,1
1356,8502,1
1389,8504,1
1415,8505,1
1441,8506,1
1474,8508,1
1506,8509,1
1542,8511,1
1568,8512,1
1,8515,1
1584,8542,1
1585,8558,1
1586,8566,1
1587,8570,1
1589,8573,1
1590,8574,1
1588,8576,1
340,8589,1
561,8597,1
672,8601,1
795,8605,1
816,8606,1
838,8607,1
973,8613,1
1063,8617,1
1163,8621,1
1180,8622,1
1198,8623,1
1239,8625,1
1335,8629,1
1351,8630,1
1368,8631,1
1420,8633,1
1436,8634,1
1453,8635,1
1527,8638,1
1547,8639,1
1563,8640,1
1,8644,1
1591,8669,1
1592,8685,1
1593,8693,1
1594,8697,1
1597,8701,1
1596,8702,1
1595,8703,1
312,8716,1
534,8724,1
703,8730,1
735,8731,1
768,8732,1
861,8736,1
951,8740,1
1088,8746,1
1114,8747,1
1141,8748,1
1217,8752,1
1263,8754,1
1288,8755,1
1314,8756,1
1386,8760,1
1416,8761,1
1442,8762,1
1464,8763,1
1516,8766,1
1541,8767,1
1567,8768,1
1,8773,1
1598,8796,1
1599,8812,1
1600,8820,1
1602,8826,1
1603,8827,1
1604,8828,1
1601,8832,1
284,8843,1
507,8851,1
676,8857,1
741,8859,1
762,8860,1
834,8863,1
929,8867,1
1066,8873,1
1119,8875,1
1136,8876,1
1195,8879,1
1242,8881,1
1293,8883,1
1309,8884,1
1365,8887,1
1421,8889,1
1437,8890,1
1485,8892,1
1495,8893,1
1546,8895,1
1562,8896,1
1,8902,1
1605,8923,1
1606,8939,1
1607,8947,1
1609,8953,1
1611,8955,1
1610,8956,1
1608,8959,1
256,8970,1
480,8978,1
681,8985,1
714,8986,1
757,8988,1
807,8990,1
907,8994,1
1070,9001,1
1097,9002,1
1132,9004,1
1173,9006,1
1246,9009,1
1272,9010,1
1305,9012,1
1344,9014,1
1422,9017,1
1458,9019,1
1484,9020,1
1499,9021,1
1525,9022,1
1558,9024,1
1,9031,1
1612,9050,1
1613,9066,1
1614,9074,1
1617,9081,1
1618,9082,1
1616,9084,1
1615,9086,1
228,9097,1
453,9105,1
687,9113,1
708,9114,1
730,9115,1
780,9117,1
885,9121,1
1075,9129,1
1092,9130,1
1110,9131,1
1151,9133,1
1251,9137,1
1267,9138,1
1284,9139,1
1323,9141,1
1443,9146,1
1463,9147,1
1479,9148,1
1504,9149,1
1520,9150,1
1537,9151,1
1,9160,1
1619,9177,1
1620,9193,1
1621,9201,1
1625,9209,1
1624,9210,1
1623,9211,1
1622,9213,1
200,9224,1
537,9236,1
595,9238,1
627,9239,1
660,9240,1
858,9248,1
953,9252,1
1000,9254,1
1026,9255,1
1053,9256,1
1215,9264,1
1264,9266,1
1289,9267,1
1315,9268,1
1332,9269,1
1358,9270,1
1380,9271,1
1470,9276,1
1515,9278,1
1540,9279,1
1566,9280,1
1,9289,1
1626,9304,1
1627,9320,1
1629,9332,1
1630,9334,1
1631,9335,1
1632,9336,1
1628,9344,1
172,9351,1
510,9363,1
568,9365,1
633,9367,1
654,9368,1
831,9375,1
931,9379,1
978,9381,1
1031,9383,1
1048,9384,1
1193,9391,1
1243,9393,1
1294,9395,1
1310,9396,1
1337,9397,1
1353,9398,1
1401,9400,1
1449,9403,1
1494,9405,1
1545,9407,1
1561,9408,1
1,9418,1
1633,9431,1
1634,9447,1
1636,9459,1
1637,9461,1
1639,9463,1
1638,9464,1
1635,9471,1
144,9478,1
483,9490,1
573,9493,1
606,9494,1
649,9496,1
804,9502,1
909,9506,1
982,9509,1
1009,9510,1
1044,9512,1
1171,9518,1
1247,9521,1
1273,9522,1
1306,9524,1
1338,9525,1
1374,9527,1
1400,9528,1
1428,9530,1
1498,9533,1
1524,9534,1
1557,9536,1
1,9547,1
1640,9558,1
1641,9574,1
1643,9586,1
1645,9589,1
1646,9590,1
1644,9592,1
1642,9598,1
116,9605,1
456,9617,1
579,9621,1
600,9622,1
622,9623,1
777,9629,1
887,9633,1
987,9637,1
1004,9638,1
1022,9639,1
1149,9645,1
1252,9649,1
1268,9650,1
1285,9651,1
1359,9654,1
1379,9655,1
1395,9656,1
1407,9657,1
1503,9661,1
1519,9662,1
1536,9663,1
1,9676,1
1647,9685,1
1648,9701,1
1650,9713,1
1653,9717,1
1652,9718,1
1651,9719,1
1649,9725,1
88,9732,1
487,9746,1
519,9747,1
552,9748,1
645,9752,1
750,9756,1
912,9762,1
938,9763,1
965,9764,1
1041,9768,1
1127,9772,1
1248,9777,1
1274,9778,1
1296,9779,1
1348,9782,1
1373,9783,1
1399,9784,1
1431,9786,1
1456,9787,1
1482,9788,1
1554,9792,1
1,9805,1
1654,9812,1
1655,9828,1
1658,9842,1
1659,9843,1
1660,9844,1
1657,9848,1
1656,9852,1
60,9859,1
460,9873,1
525,9875,1
546,9876,1
618,9879,1
723,9883,1
890,9889,1
943,9891,1
960,9892,1
1019,9895,1
1105,9899,1
1253,9905,1
1269,9906,1
1317,9908,1
1327,9909,1
1378,9911,1
1394,9912,1
1410,9913,1
1461,9915,1
1477,9916,1
1533,9919,1
1,9934,1
1661,9939,1
1662,9955,1
1665,9969,1
1667,9971,1
1666,9972,1
1664,9975,1
1663,9979,1
32,9986,1
465,10001,1
498,10002,1
541,10004,1
591,10006,1
696,10010,1
894,10017,1
921,10018,1
956,10020,1
997,10022,1
1083,10026,1
1254,10033,1
1290,10035,1
1316,10036,1
1331,10037,1
1357,10038,1
1390,10040,1
1414,10041,1
1440,10042,1
1473,10044,1
1512,10046,1
1,10063,1
1668,10066,1
1669,10082,1
1673,10097,1
1674,10098,1
1672,10100,1
1671,10102,1
1670,10106,1
4,10113,1
471,10129,1
492,10130,1
514,10131,1
564,10133,1
669,10137,1
899,10145,1
916,10146,1
934,10147,1
975,10149,1
1061,10153,1
1275,10162,1
1295,10163,1
1311,10164,1
1336,10165,1
1352,10166,1
1369,10167,1
1419,10169,1
1435,10170,1
1452,10171,1
1491,10173,1
1,10192,1
1675,10193,1
1676,10209,1
1681,10225,1
1680,10226,1
1679,10227,1
1678,10229,1
1677,10233,1
202,10248,1
317,10252,1
377,10254,1
410,10255,1
444,10256,1
856,10272,1
954,10276,1
1001,10278,1
1027,10279,1
1054,10280,1
1090,10282,1
1116,10283,1
1143,10284,1
1161,10285,1
1188,10286,1
1211,10287,1
1383,10296,1
1469,10300,1
1514,10302,1
1539,10303,1
1565,10304,1
1675,10320,1
1,10321,1
1683,10344,1
1684,10348,1
1685,10350,1
1686,10351,1
1687,10352,1
1682,10368,1
174,10375,1
289,10379,1
349,10381,1
416,10383,1
438,10384,1
829,10399,1
932,10403,1
979,10405,1
1032,10407,1
1049,10408,1
1068,10409,1
1121,10411,1
1138,10412,1
1166,10413,1
1183,10414,1
1233,10416,1
1362,10423,1
1448,10427,1
1493,10429,1
1544,10431,1
1560,10432,1
1668,10447,1
1,10450,1
1689,10471,1
1690,10475,1
1691,10477,1
1693,10479,1
1692,10480,1
1688,10495,1
146,10502,1
261,10506,1
354,10509,1
388,10510,1
433,10512,1
802,10526,1
910,10530,1
983,10533,1
1010,10534,1
1045,10536,1
1072,10537,1
1099,10538,1
1134,10540,1
1167,10541,1
1205,10543,1
1232,10544,1
1341,10550,1
1427,10554,1
1497,10557,1
1523,10558,1
1556,10560,1
1661,10574,1
1,10579,1
1695,10598,1
1696,10602,1
1698,10605,1
1699,10606,1
1697,10608,1
1694,10622,1
118,10629,1
233,10633,1
360,10637,1
382,10638,1
405,10639,1
775,10653,1
888,10657,1
988,10661,1
1005,10662,1
1023,10663,1
1077,10665,1
1094,10666,1
1112,10667,1
1189,10670,1
1210,10671,1
1227,10672,1
1320,10677,1
1406,10681,1
1502,10685,1
1518,10686,1
1535,10687,1
1654,10701,1
1,10708,1
1701,10725,1
1702,10729,1
1705,10733,1
1704,10734,1
1703,10735,1
1700,10749,1
90,10756,1
265,10762,1
298,10763,1
332,10764,1
429,10768,1
748,10780,1
913,10786,1
939,10787,1
966,10788,1
1042,10792,1
1073,10793,1
1100,10794,1
1123,10795,1
1178,10798,1
1204,10799,1
1231,10800,1
1299,10804,1
1430,10810,1
1455,10811,1
1481,10812,1
1553,10816,1
1647,10828,1
1,10837,1
1707,10852,1
1709,10858,1
1710,10859,1
1711,10860,1
1708,10864,1
1706,10876,1
62,10883,1
237,10889,1
304,10891,1
326,10892,1
401,10895,1
721,10907,1
891,10913,1
944,10915,1
961,10916,1
1020,10919,1
1078,10921,1
1095,10922,1
1145,10924,1
1156,10925,1
1209,10927,1
1226,10928,1
1278,10931,1
1409,10937,1
1460,10939,1
1476,10940,1
1532,10943,1
1640,10955,1
1,10966,1
1713,10979,1
1715,10985,1
1717,10987,1
1716,10988,1
1714,10991,1
1712,11003,1
34,11010,1
242,11017,1
276,11018,1
321,11020,1
373,11022,1
694,11034,1
895,11041,1
922,11042,1
957,11044,1
998,11046,1
1079,11049,1
1117,11051,1
1144,11052,1
1160,11053,1
1187,11054,1
1222,11056,1
1257,11058,1
1413,11065,1
1439,11066,1
1472,11068,1
1511,11070,1
1633,11082,1
1,11095,1
1719,11106,1
1722,11113,1
1723,11114,1
1721,11116,1
1720,11118,1
1718,11130,1
6,11137,1
248,11145,1
270,11146,1
293,11147,1
345,11149,1
667,11161,1
900,11169,1
917,11170,1
935,11171,1
976,11173,1
1101,11178,1
1122,11179,1
1139,11180,1
1165,11181,1
1182,11182,1
1200,11183,1
1236,11185,1
1418,11193,1
1434,11194,1
1451,11195,1
1490,11197,1
1626,11209,1
1,11224,1
1725,11233,1
1729,11241,1
1728,11242,1
1727,11243,1
1726,11245,1
1724,11257,1
93,11268,1
153,11270,1
186,11271,1
220,11272,1
426,11280,1
640,11288,1
914,11298,1
940,11299,1
967,11300,1
985,11301,1
1012,11302,1
1035,11303,1
1130,11308,1
1177,11310,1
1203,11311,1
1230,11312,1
1301,11316,1
1346,11318,1
1371,11319,1
1397,11320,1
1551,11328,1
1619,11336,1
1,11353,1
1732,11364,1
1733,11366,1
1734,11367,1
1735,11368,1
1731,11376,1
1730,11384,1
65,11395,1
125,11397,1
192,11399,1
214,11400,1
398,11407,1
613,11415,1
892,11425,1
945,11427,1
962,11428,1
990,11429,1
1007,11430,1
1057,11432,1
1108,11435,1
1155,11437,1
1208,11439,1
1225,11440,1
1280,11443,1
1325,11445,1
1376,11447,1
1392,11448,1
1530,11455,1
1612,11463,1
1,11482,1
1738,11491,1
1739,11493,1
1741,11495,1
1740,11496,1
1737,11503,1
1736,11511,1
37,11522,1
130,11525,1
164,11526,1
209,11528,1
370,11534,1
586,11542,1
896,11553,1
923,11554,1
958,11556,1
991,11557,1
1029,11559,1
1056,11560,1
1086,11562,1
1159,11565,1
1186,11566,1
1221,11568,1
1259,11570,1
1329,11573,1
1355,11574,1
1388,11576,1
1509,11582,1
1605,11590,1
1,11611,1
1744,11618,1
1746,11621,1
1747,11622,1
1745,11624,1
1743,11630,1
1742,11638,1
9,11649,1
136,11653,1
158,11654,1
181,11655,1
342,11661,1
559,11669,1
901,11681,1
918,11682,1
936,11683,1
1013,11686,1
1034,11687,1
1051,11688,1
1064,11689,1
1164,11693,1
1181,11694,1
1199,11695,1
1238,11697,1
1334,11701,1
1350,11702,1
1367,11703,1
1488,11709,1
1598,11717,1
1,11740,1
1750,11745,1
1753,11749,1
1752,11750,1
1751,11751,1
1749,11757,1
1748,11765,1
41,11778,1
74,11779,1
108,11780,1
205,11784,1
314,11788,1
532,11796,1
897,11809,1
924,11810,1
947,11811,1
1002,11814,1
1028,11815,1
1055,11816,1
1089,11818,1
1115,11819,1
1142,11820,1
1218,11824,1
1262,11826,1
1287,11827,1
1313,11828,1
1385,11832,1
1467,11836,1
1591,11844,1
1,11869,1
1757,11874,1
1758,11875,1
1759,11876,1
1756,11880,1
1755,11884,1
1754,11892,1
13,11905,1
80,11907,1
102,11908,1
177,11911,1
286,11915,1
505,11923,1
902,11937,1
919,11938,1
969,11940,1
980,11941,1
1033,11943,1
1050,11944,1
1067,11945,1
1120,11947,1
1137,11948,1
1196,11951,1
1241,11953,1
1292,11955,1
1308,11956,1
1364,11959,1
1446,11963,1
1584,11971,1
1,11998,1
1763,12001,1
1765,12003,1
1764,12004,1
1762,12007,1
1761,12011,1
1760,12019,1
18,12033,1
52,12034,1
97,12036,1
149,12038,1
258,12042,1
478,12050,1
903,12065,1
941,12067,1
968,12068,1
984,12069,1
1011,12070,1
1046,12072,1
1071,12073,1
1098,12074,1
1133,12076,1
1174,12078,1
1245,12081,1
1271,12082,1
1304,12084,1
1343,12086,1
1425,12090,1
1577,12098,1
1,12127,1
1770,12129,1
1771,12130,1
1769,12132,1
1768,12134,1
1767,12138,1
1766,12146,1
24,12161,1
46,12162,1
69,12163,1
121,12165,1
230,12169,1
451,12177,1
925,12194,1
946,12195,1
963,12196,1
989,12197,1
1006,12198,1
1024,12199,1
1076,12201,1
1093,12202,1
1111,12203,1
1152,12205,1
1250,12209,1
1266,12210,1
1283,12211,1
1322,12213,1
1404,12217,1
1570,12225,1
1,12256,1
1777,12257,1
1776,12258,1
1775,12259,1
1774,12261,1
1773,12265,1
1772,12273,1
203,12296,1
318,12300,1
378,12302,1
411,12303,1
445,12304,1
539,12308,1
597,12310,1
629,12311,1
662,12312,1
706,12314,1
738,12315,1
771,12316,1
793,12317,1
826,12318,1
854,12319,1
1213,12336,1
1382,12344,1
1468,12348,1
1513,12350,1
1538,12351,1
1564,12352,1
1676,12368,1
1725,12376,1
1750,12380,1
1763,12382,1
1770,12383,1
1777,12384,1
1,12385,1
1778,12416,1
175,12423,1
290,12427,1
350,12429,1
417,12431,1
439,12432,1
512,12435,1
570,12437,1
635,12439,1
656,12440,1
679,12441,1
744,12443,1
765,12444,1
799,12445,1
820,12446,1
881,12448,1
1191,12463,1
1361,12471,1
1447,12475,1
1492,12477,1
1543,12479,1
1559,12480,1
1669,12495,1
1719,12503,1
1744,12507,1
1757,12509,1
1771,12511,1
1776,12512,1
1,12514,1
1779,12543,1
147,12550,1
262,12554,1
355,12557,1
389,12558,1
434,12560,1
485,12562,1
575,12565,1
608,12566,1
651,12568,1
684,12569,1
717,12570,1
760,12572,1
800,12573,1
847,12575,1
880,12576,1
1169,12590,1
1340,12598,1
1426,12602,1
1496,12605,1
1522,12606,1
1555,12608,1
1662,12622,1
1713,12630,1
1738,12634,1
1758,12637,1
1765,12638,1
1775,12640,1
1,12643,1
1780,12670,1
119,12677,1
234,12681,1
361,12685,1
383,12686,1
406,12687,1
458,12689,1
581,12693,1
602,12694,1
624,12695,1
690,12697,1
711,12698,1
733,12699,1
827,12702,1
853,12703,1
874,12704,1
1147,12717,1
1319,12725,1
1405,12729,1
1501,12733,1
1517,12734,1
1534,12735,1
1655,12749,1
1707,12757,1
1732,12761,1
1759,12765,1
1764,12766,1
1769,12767,1
1,12772,1
1781,12797,1
91,12804,1
266,12810,1
299,12811,1
333,12812,1
430,12816,1
489,12818,1
521,12819,1
554,12820,1
647,12824,1
685,12825,1
718,12826,1
746,12827,1
814,12830,1
846,12831,1
879,12832,1
1125,12844,1
1298,12852,1
1429,12858,1
1454,12859,1
1480,12860,1
1552,12864,1
1648,12876,1
1701,12884,1
1739,12890,1
1746,12891,1
1753,12892,1
1774,12896,1
1,12901,1
1782,12924,1
63,12931,1
238,12937,1
305,12939,1
327,12940,1
402,12943,1
462,12945,1
527,12947,1
548,12948,1
620,12951,1
691,12953,1
712,12954,1
773,12956,1
787,12957,1
852,12959,1
873,12960,1
1103,12971,1
1277,12979,1
1408,12985,1
1459,12987,1
1475,12988,1
1531,12991,1
1641,13003,1
1695,13011,1
1733,13017,1
1747,13019,1
1752,13020,1
1768,13023,1
1,13030,1
1783,13051,1
35,13058,1
243,13065,1
277,13066,1
322,13068,1
374,13070,1
467,13073,1
500,13074,1
543,13076,1
593,13078,1
692,13081,1
739,13083,1
772,13084,1
792,13085,1
825,13086,1
868,13088,1
1081,13098,1
1256,13106,1
1412,13113,1
1438,13114,1
1471,13116,1
1510,13118,1
1634,13130,1
1689,13138,1
1734,13145,1
1741,13146,1
1751,13148,1
1762,13150,1
1,13159,1
1784,13178,1
7,13185,1
249,13193,1
271,13194,1
294,13195,1
346,13197,1
473,13201,1
494,13202,1
516,13203,1
566,13205,1
719,13210,1
745,13211,1
766,13212,1
798,13213,1
819,13214,1
841,13215,1
1059,13225,1
1235,13233,1
1417,13241,1
1433,13242,1
1450,13243,1
1489,13245,1
1627,13257,1
1683,13265,1
1735,13273,1
1740,13274,1
1745,13275,1
1756,13277,1
1,13288,1
1785,13305,1
94,13316,1
154,13318,1
187,13319,1
221,13320,1
427,13328,1
490,13330,1
522,13331,1
555,13332,1
577,13333,1
610,13334,1
638,13335,1
755,13340,1
813,13342,1
845,13343,1
878,13344,1
1037,13352,1
1300,13364,1
1345,13366,1
1370,13367,1
1396,13368,1
1550,13376,1
1620,13384,1
1702,13396,1
1715,13398,1
1722,13399,1
1729,13400,1
1773,13408,1
1,13417,1
1786,13432,1
66,13443,1
126,13445,1
193,13447,1
215,13448,1
399,13455,1
463,13457,1
528,13459,1
549,13460,1
583,13461,1
604,13462,1
665,13464,1
728,13467,1
786,13469,1
851,13471,1
872,13472,1
1015,13479,1
1279,13491,1
1324,13493,1
1375,13495,1
1391,13496,1
1529,13503,1
1613,13511,1
1696,13523,1
1709,13525,1
1723,13527,1
1728,13528,1
1767,13535,1
1,13546,1
1787,13559,1
38,13570,1
131,13573,1
165,13574,1
210,13576,1
371,13582,1
468,13585,1
501,13586,1
544,13588,1
584,13589,1
631,13591,1
664,13592,1
701,13594,1
791,13597,1
824,13598,1
867,13600,1
993,13606,1
1258,13618,1
1328,13621,1
1354,13622,1
1387,13624,1
1508,13630,1
1606,13638,1
1690,13650,1
1710,13653,1
1717,13654,1
1727,13656,1
1761,13662,1
1,13675,1
1788,13686,1
10,13697,1
137,13701,1
159,13702,1
182,13703,1
343,13709,1
474,13713,1
495,13714,1
517,13715,1
611,13718,1
637,13719,1
658,13720,1
674,13721,1
797,13725,1
818,13726,1
840,13727,1
971,13733,1
1237,13745,1
1333,13749,1
1349,13750,1
1366,13751,1
1487,13757,1
1599,13765,1
1684,13777,1
1711,13781,1
1716,13782,1
1721,13783,1
1755,13789,1
1,13804,1
1789,13813,1
42,13826,1
75,13827,1
109,13828,1
206,13832,1
315,13836,1
469,13841,1
502,13842,1
530,13843,1
598,13846,1
630,13847,1
663,13848,1
705,13850,1
737,13851,1
770,13852,1
863,13856,1
949,13860,1
1261,13874,1
1286,13875,1
1312,13876,1
1384,13880,1
1466,13884,1
1592,13892,1
1691,13906,1
1698,13907,1
1705,13908,1
1726,13912,1
1749,13916,1
1,13933,1
1790,13940,1
14,13953,1
81,13955,1
103,13956,1
178,13959,1
287,13963,1
475,13969,1
496,13970,1
557,13972,1
571,13973,1
636,13975,1
657,13976,1
678,13977,1
743,13979,1
764,13980,1
836,13983,1
927,13987,1
1240,14001,1
1291,14003,1
1307,14004,1
1363,14007,1
1445,14011,1
1585,14019,1
1685,14033,1
1699,14035,1
1704,14036,1
1720,14039,1
1743,14043,1
1,14062,1
1791,14067,1
19,14081,1
53,14082,1
98,14084,1
150,14086,1
259,14090,1
476,14097,1
523,14099,1
556,14100,1
576,14101,1
609,14102,1
652,14104,1
683,14105,1
716,14106,1
759,14108,1
809,14110,1
905,14114,1
1244,14129,1
1270,14130,1
1303,14132,1
1342,14134,1
1424,14138,1
1578,14146,1
1686,14161,1
1693,14162,1
1703,14164,1
1714,14166,1
1737,14170,1
1,14191,1
1792,14194,1
25,14209,1
47,14210,1
70,14211,1
122,14213,1
231,14217,1
503,14226,1
529,14227,1
550,14228,1
582,14229,1
603,14230,1
625,14231,1
689,14233,1
710,14234,1
732,14235,1
782,14237,1
883,14241,1
1249,14257,1
1265,14258,1
1282,14259,1
1321,14261,1
1403,14265,1
1571,14273,1
1687,14289,1
1692,14290,1
1697,14291,1
1708,14293,1
1731,14297,1
1,14320,1
1793,14321,1
95,14340,1
155,14342,1
188,14343,1
222,14344,1
268,14346,1
301,14347,1
335,14348,1
358,14349,1
392,14350,1
421,14351,1
643,14360,1
754,14364,1
812,14366,1
844,14367,1
877,14368,1
1038,14376,1
1128,14380,1
1175,14382,1
1201,14383,1
1228,14384,1
1549,14400,1
1621,14408,1
1650,14412,1
1665,14414,1
1673,14415,1
1681,14416,1
1772,14432,1
1793,14448,1
1,14449,1
67,14467,1
127,14469,1
194,14471,1
216,14472,1
240,14473,1
307,14475,1
329,14476,1
364,14477,1
386,14478,1
449,14480,1
616,14487,1
727,14491,1
785,14493,1
850,14495,1
871,14496,1
1016,14503,1
1106,14507,1
1153,14509,1
1206,14511,1
1223,14512,1
1528,14527,1
1614,14535,1
1643,14539,1
1658,14541,1
1674,14543,1
1680,14544,1
1766,14559,1
1792,14575,1
1,14578,1
39,14594,1
132,14597,1
166,14598,1
211,14600,1
245,14601,1
279,14602,1
324,14604,1
365,14605,1
414,14607,1
448,14608,1
589,14614,1
700,14618,1
790,14621,1
823,14622,1
866,14624,1
994,14630,1
1084,14634,1
1157,14637,1
1184,14638,1
1219,14640,1
1507,14654,1
1607,14662,1
1636,14666,1
1659,14669,1
1667,14670,1
1679,14672,1
1760,14686,1
1791,14702,1
1,14707,1
11,14721,1
138,14725,1
160,14726,1
183,14727,1
251,14729,1
273,14730,1
296,14731,1
393,14734,1
420,14735,1
442,14736,1
562,14741,1
673,14745,1
796,14749,1
817,14750,1
839,14751,1
972,14757,1
1062,14761,1
1162,14765,1
1179,14766,1
1197,14767,1
1486,14781,1
1600,14789,1
1629,14793,1
1660,14797,1
1666,14798,1
1672,14799,1
1754,14813,1
1790,14829,1
1,14836,1
43,14850,1
76,14851,1
110,14852,1
207,14856,1
246,14857,1
280,14858,1
309,14859,1
380,14862,1
413,14863,1
447,14864,1
535,14868,1
704,14874,1
736,14875,1
769,14876,1
862,14880,1
950,14884,1
1087,14890,1
1113,14891,1
1140,14892,1
1216,14896,1
1465,14908,1
1593,14916,1
1637,14922,1
1645,14923,1
1653,14924,1
1678,14928,1
1748,14940,1
1789,14956,1
1,14965,1
15,14977,1
82,14979,1
104,14980,1
179,14983,1
252,14985,1
274,14986,1
337,14988,1
352,14989,1
419,14991,1
441,14992,1
508,14995,1
677,15001,1
742,15003,1
763,15004,1
835,15007,1
928,15011,1
1065,15017,1
1118,15019,1
1135,15020,1
1194,15023,1
1444,15035,1
1586,15043,1
1630,15049,1
1646,15051,1
1652,15052,1
1671,15055,1
1742,15067,1
1788,15083,1
1,15094,1
20,15105,1
54,15106,1
99,15108,1
151,15110,1
253,15113,1
302,15115,1
336,15116,1
357,15117,1
391,15118,1
436,15120,1
481,15122,1
682,15129,1
715,15130,1
758,15132,1
808,15134,1
906,15138,1
1069,15145,1
1096,15146,1
1131,15148,1
1172,15150,1
1423,15162,1
1579,15170,1
1631,15177,1
1639,15178,1
1651,15180,1
1664,15182,1
1736,15194,1
1787,15210,1
1,15223,1
26,15233,1
48,15234,1
71,15235,1
123,15237,1
281,15242,1
308,15243,1
330,15244,1
363,15245,1
385,15246,1
408,15247,1
454,15249,1
688,15257,1
709,15258,1
731,15259,1
781,15261,1
884,15265,1
1074,15273,1
1091,15274,1
1109,15275,1
1150,15277,1
1402,15289,1
1572,15297,1
1632,15305,1
1638,15306,1
1644,15307,1
1657,15309,1
1730,15321,1
1786,15337,1
1,15352,1
44,15362,1
77,15363,1
111,15364,1
134,15365,1
168,15366,1
197,15367,1
319,15372,1
379,15374,1
412,15375,1
446,15376,1
538,15380,1
596,15382,1
628,15383,1
661,15384,1
859,15392,1
952,15396,1
999,15398,1
1025,15399,1
1052,15400,1
1214,15408,1
1381,15416,1
1594,15428,1
1609,15430,1
1617,15431,1
1625,15432,1
1677,15440,1
1724,15448,1
1785,15464,1
1,15481,1
16,15489,1
83,15491,1
105,15492,1
140,15493,1
162,15494,1
225,15496,1
291,15499,1
351,15501,1
418,15503,1
440,15504,1
511,15507,1
569,15509,1
634,15511,1
655,15512,1
832,15519,1
930,15523,1
977,15525,1
1030,15527,1
1047,15528,1
1192,15535,1
1360,15543,1
1587,15555,1
1602,15557,1
1618,15559,1
1624,15560,1
1670,15567,1
1718,15575,1
1784,15591,1
1,15610,1
21,15617,1
55,15618,1
100,15620,1
141,15621,1
190,15623,1
224,15624,1
263,15626,1
356,15629,1
390,15630,1
435,15632,1
484,15634,1
574,15637,1
607,15638,1
650,15640,1
805,15646,1
908,15650,1
981,15653,1
1008,15654,1
1043,15656,1
1170,15662,1
1339,15670,1
1580,15682,1
1603,15685,1
1611,15686,1
1623,15688,1
1663,15694,1
1712,15702,1
1783,15718,1
1,15739,1
27,15745,1
49,15746,1
72,15747,1
169,15750,1
196,15751,1
218,15752,1
235,15753,1
362,15757,1
384,15758,1
407,15759,1
457,15761,1
580,15765,1
601,15766,1
623,15767,1
778,15773,1
886,15777,1
986,15781,1
1003,15782,1
1021,15783,1
1148,15789,1
1318,15797,1
1573,15809,1
1604,15813,1
1610,15814,1
1616,15815,1
1656,15821,1
1706,15829,1
1782,15845,1
1,15868,1
22,15873,1
56,15874,1
85,15875,1
156,15878,1
189,15879,1
223,15880,1
267,15882,1
300,15883,1
334,15884,1
431,15888,1
488,15890,1
520,15891,1
553,15892,1
646,15896,1
751,15900,1
911,15906,1
937,15907,1
964,15908,1
1040,15912,1
1126,15916,1
1297,15924,1
1581,15938,1
1589,15939,1
1597,15940,1
1622,15944,1
1649,15948,1
1700,15956,1
1781,15972,1
1,15997,1
28,16001,1
50,16002,1
113,16004,1
128,16005,1
195,16007,1
217,16008,1
239,16009,1
306,16011,1
328,16012,1
403,16015,1
461,16017,1
526,16019,1
547,16020,1
619,16023,1
724,16027,1
889,16033,1
942,16035,1
959,16036,1
1018,16039,1
1104,16043,1
1276,16051,1
1574,16065,1
1590,16067,1
1596,16068,1
1615,16071,1
1642,16075,1
1694,16083,1
1780,16099,1
1,16126,1
29,16129,1
78,16131,1
112,16132,1
133,16133,1
167,16134,1
212,16136,1
244,16137,1
278,16138,1
323,16140,1
375,16142,1
466,16145,1
499,16146,1
542,16148,1
592,16150,1
697,16154,1
893,16161,1
920,16162,1
955,16164,1
996,16166,1
1082,16170,1
1255,16178,1
1575,16193,1
1583,16194,1
1595,16196,1
1608,16198,1
1635,16202,1
1688,16210,1
1779,16226,1
1,16255,1
57,16258,1
84,16259,1
106,16260,1
139,16261,1
161,16262,1
184,16263,1
250,16265,1
272,16266,1
295,16267,1
347,16269,1
472,16273,1
493,16274,1
515,16275,1
565,16277,1
670,16281,1
898,16289,1
915,16290,1
933,16291,1
974,16293,1
1060,16297,1
1234,16305,1
1576,16321,1
1582,16322,1
1588,16323,1
1601,16325,1
1628,16329,1
1682,16337,1
1778,16353,1
1,16384,1
