882 4711
 1 2 0.444444
 1 3 0.444444
 1 4 0.444444
 1 5 0.444444
 1 857 1.000000
 2 3 0.444444
 2 176 1.000000
 3 249 1.000000
 4 5 1.048889
 4 6 0.160000
 4 8 0.160000
 4 11 1.444444
 4 858 0.160000
 5 6 1.160000
 5 8 0.160000
 5 11 1.444444
 5 858 0.160000
 6 7 1.000000
 6 8 0.160000
 6 858 0.160000
 7 114 0.015625
 7 444 0.015625
 7 448 0.015625
 7 451 0.015625
 7 467 0.250000
 7 504 0.250000
 7 731 0.015625
 7 732 0.015625
 7 733 0.015625
 7 734 0.015625
 7 735 0.015625
 7 736 0.015625
 7 737 0.015625
 7 738 0.015625
 7 739 0.015625
 7 740 0.015625
 7 741 0.015625
 7 881 0.250000
 8 9 1.000000
 8 93 0.444444
 8 674 0.250000
 8 698 0.444444
 8 719 0.250000
 8 762 0.250000
 8 858 0.160000
 9 10 1.000000
 9 12 1.000000
 10 142 0.013841
 10 161 0.013841
 10 234 0.013841
 10 364 0.013841
 10 365 0.013841
 10 386 0.013841
 10 387 0.013841
 10 451 0.013841
 10 457 0.013841
 10 467 0.013841
 10 493 0.013841
 10 522 0.013841
 10 608 0.013841
 10 627 0.013841
 10 699 0.013841
 10 748 0.013841
 12 115 0.033058
 12 117 0.033058
 12 134 0.033058
 12 446 0.033058
 12 450 0.033058
 12 453 0.033058
 12 455 0.033058
 12 464 0.033058
 12 468 0.033058
 12 639 0.033058
 13 14 0.290000
 13 15 0.290000
 13 16 0.040000
 13 17 1.049383
 13 21 0.049383
 13 29 0.049383
 13 34 0.049383
 13 37 0.250000
 13 45 0.049383
 13 46 0.040000
 13 49 0.049383
 13 51 0.040000
 13 52 0.040000
 13 62 0.089383
 13 65 0.493827
 13 114 0.040000
 13 119 0.040000
 13 842 0.444444
 14 15 0.290000
 14 16 0.040000
 14 18 1.444444
 14 23 0.444444
 14 24 1.000000
 14 37 0.250000
 14 46 0.040000
 14 51 0.040000
 14 52 0.040000
 14 62 0.040000
 14 114 0.040000
 14 119 0.040000
 15 16 0.040000
 15 19 1.250000
 15 30 0.160000
 15 34 0.250000
 15 37 0.250000
 15 46 0.040000
 15 51 0.040000
 15 52 0.040000
 15 62 0.040000
 15 64 0.250000
 15 109 0.160000
 15 113 0.160000
 15 114 0.040000
 15 119 0.040000
 15 844 0.160000
 16 22 1.000000
 16 35 0.250000
 16 37 0.020408
 16 46 0.040000
 16 51 0.040000
 16 52 0.040000
 16 62 0.040000
 16 114 0.040000
 16 118 0.250000
 16 119 0.060408
 16 143 0.250000
 16 152 0.020408
 16 159 0.020408
 16 317 0.020408
 16 333 0.020408
 16 337 0.020408
 16 338 0.020408
 16 339 0.020408
 16 340 0.020408
 16 341 0.020408
 16 459 0.020408
 16 570 0.020408
 17 18 0.111111
 17 19 0.111111
 17 21 0.049383
 17 29 0.049383
 17 34 0.049383
 17 36 1.000000
 17 45 0.049383
 17 49 0.049383
 17 62 0.049383
 17 65 0.049383
 17 317 0.444444
 17 330 0.111111
 17 347 0.444444
 17 451 0.111111
 17 456 0.111111
 18 19 0.111111
 18 23 0.444444
 18 30 1.000000
 18 138 0.020408
 18 141 0.020408
 18 148 0.020408
 18 154 0.020408
 18 155 0.020408
 18 318 0.020408
 18 319 0.020408
 18 320 0.020408
 18 321 0.020408
 18 322 0.020408
 18 328 0.020408
 18 330 0.111111
 18 335 0.020408
 18 451 0.111111
 18 456 0.111111
 18 663 0.020408
 19 21 0.111111
 19 25 1.000000
 19 34 0.250000
 19 64 0.250000
 19 140 0.111111
 19 156 0.111111
 19 330 0.111111
 19 347 0.111111
 19 451 0.111111
 19 456 0.111111
 19 729 0.111111
 20 22 1.000000
 20 25 0.081633
 20 26 0.049383
 20 28 0.081633
 20 33 0.081633
 20 74 0.081633
 20 79 0.081633
 20 86 0.081633
 20 111 0.081633
 20 446 0.049383
 20 450 0.049383
 20 451 0.049383
 20 455 0.049383
 20 457 0.049383
 20 463 0.049383
 20 490 0.081633
 20 508 0.081633
 20 510 0.160000
 20 513 0.081633
 20 515 0.160000
 20 519 0.160000
 20 520 0.160000
 20 572 0.081633
 20 697 0.049383
 20 845 0.081633
 21 22 0.444444
 21 24 0.250000
 21 25 0.250000
 21 26 1.000000
 21 29 0.299383
 21 34 0.049383
 21 45 0.049383
 21 49 0.049383
 21 58 0.444444
 21 62 0.049383
 21 65 0.049383
 21 140 0.111111
 21 156 0.111111
 21 347 0.111111
 21 729 0.111111
 22 31 1.000000
 22 58 0.444444
 23 24 1.000000
 23 26 0.444444
 23 66 0.444444
 23 150 1.000000
 24 25 0.250000
 24 29 0.250000
 24 126 0.111111
 24 127 0.111111
 24 129 0.111111
 24 311 0.111111
 24 723 0.111111
 25 27 1.000000
 25 28 0.081633
 25 29 0.250000
 25 74 0.081633
 25 79 0.081633
 25 86 0.081633
 25 111 0.081633
 26 28 1.000000
 26 66 0.444444
 26 446 0.049383
 26 450 0.049383
 26 451 0.049383
 26 455 0.049383
 26 457 0.049383
 26 463 0.049383
 26 697 0.049383
 27 32 0.444444
 27 101 0.444444
 28 64 0.444444
 28 74 0.081633
 28 79 0.081633
 28 86 0.114691
 28 87 0.033058
 28 88 0.033058
 28 98 0.033058
 28 99 0.033058
 28 110 0.033058
 28 111 0.081633
 28 120 0.033058
 28 328 0.444444
 28 459 0.033058
 28 463 0.033058
 28 488 0.033058
 29 34 0.049383
 29 36 1.000000
 29 40 0.444444
 29 45 0.049383
 29 49 0.049383
 29 62 0.049383
 29 65 0.049383
 29 71 0.444444
 30 33 0.062500
 30 35 0.062500
 30 48 0.160000
 30 56 0.160000
 30 64 0.160000
 30 74 0.160000
 30 83 0.062500
 30 84 0.062500
 30 109 0.160000
 30 113 0.160000
 30 564 0.062500
 30 566 0.062500
 30 567 0.062500
 30 844 0.160000
 31 32 0.444444
 31 54 0.444444
 31 58 0.444444
 31 159 0.444444
 31 509 0.111111
 31 514 0.111111
 31 520 0.111111
 31 669 0.111111
 31 670 0.111111
 32 101 0.444444
 32 138 0.160000
 32 148 0.160000
 32 157 0.160000
 32 159 0.444444
 32 535 0.444444
 32 673 0.160000
 32 693 0.444444
 33 35 0.062500
 33 83 0.062500
 33 84 0.062500
 33 490 0.081633
 33 508 0.081633
 33 513 0.081633
 33 564 0.062500
 33 566 0.062500
 33 567 0.062500
 33 572 0.081633
 33 845 0.081633
 34 45 0.049383
 34 49 0.049383
 34 62 0.049383
 34 64 0.250000
 34 65 0.049383
 34 673 1.000000
 35 83 0.062500
 35 84 0.062500
 35 118 0.250000
 35 143 0.250000
 35 465 0.444444
 35 564 0.062500
 35 566 0.062500
 35 567 0.062500
 35 843 0.444444
 36 117 0.250000
 36 146 0.250000
 36 542 0.250000
 37 119 0.020408
 37 152 0.020408
 37 159 0.020408
 37 317 0.020408
 37 333 0.020408
 37 337 0.020408
 37 338 0.020408
 37 339 0.020408
 37 340 0.020408
 37 341 0.020408
 37 459 0.020408
 37 570 0.020408
 38 39 1.081633
 38 40 0.081633
 38 41 0.081633
 38 42 0.081633
 38 43 0.081633
 38 44 0.081633
 38 62 1.000000
 38 71 1.000000
 39 40 1.081633
 39 41 0.081633
 39 42 0.081633
 39 43 0.081633
 39 44 0.081633
 39 71 1.000000
 40 41 1.081633
 40 42 0.081633
 40 43 0.081633
 40 44 0.081633
 40 71 0.444444
 41 42 1.081633
 41 43 0.081633
 41 44 0.081633
 41 75 1.000000
 42 43 1.081633
 42 44 0.081633
 42 76 1.000000
 43 44 0.081633
 43 68 0.444444
 43 75 0.444444
 44 67 0.444444
 44 77 0.444444
 45 46 1.000000
 45 49 0.049383
 45 55 1.000000
 45 59 0.444444
 45 62 0.049383
 45 65 0.049383
 45 405 0.444444
 46 51 0.484444
 46 52 0.040000
 46 61 0.444444
 46 62 0.040000
 46 67 1.000000
 46 114 0.040000
 46 119 0.040000
 46 403 1.000000
 47 48 1.000000
 47 56 1.000000
 47 89 0.250000
 47 479 0.250000
 47 480 0.250000
 48 50 0.081633
 48 51 0.081633
 48 55 0.081633
 48 56 0.241633
 48 57 0.081633
 48 64 0.160000
 48 65 0.444444
 48 73 0.081633
 48 74 0.160000
 48 505 0.444444
 49 57 1.000000
 49 60 0.444444
 49 61 0.444444
 49 62 0.049383
 49 63 0.250000
 49 65 0.049383
 49 66 0.694444
 49 69 0.250000
 49 420 0.444444
 50 51 0.526077
 50 55 0.526077
 50 56 0.081633
 50 57 0.081633
 50 63 1.444444
 50 66 0.444444
 50 68 0.444444
 50 69 0.444444
 50 73 0.081633
 51 52 0.040000
 51 55 0.526077
 51 56 0.081633
 51 57 0.081633
 51 61 0.444444
 51 62 0.040000
 51 67 1.000000
 51 73 0.081633
 51 114 0.040000
 51 119 0.040000
 52 53 1.250000
 52 54 0.250000
 52 62 0.040000
 52 77 0.250000
 52 114 0.040000
 52 119 0.040000
 53 54 1.250000
 53 77 0.250000
 54 58 0.444444
 54 77 0.250000
 55 56 0.081633
 55 57 0.081633
 55 73 0.081633
 56 57 0.081633
 56 64 0.160000
 56 73 0.081633
 56 74 0.160000
 57 60 1.000000
 57 73 0.081633
 58 59 1.000000
 59 70 1.000000
 59 405 0.444444
 60 76 1.000000
 60 420 0.444444
 61 64 0.444444
 61 66 0.444444
 61 101 0.444444
 62 65 0.049383
 62 114 0.040000
 62 119 0.040000
 63 66 0.694444
 63 69 0.250000
 64 74 0.160000
 64 101 0.444444
 64 328 0.444444
 65 75 0.444444
 65 407 0.444444
 65 505 0.444444
 65 605 1.000000
 65 842 0.444444
 66 69 0.250000
 66 70 1.000000
 67 73 1.000000
 67 77 0.444444
 68 69 0.444444
 68 71 0.444444
 68 72 1.000000
 68 75 0.888889
 69 72 1.000000
 69 420 1.000000
 70 72 1.000000
 70 145 1.000000
 71 75 0.444444
 72 75 1.000000
 73 455 1.000000
 74 79 0.081633
 74 86 0.081633
 74 111 0.081633
 75 407 0.444444
 78 83 0.444444
 78 84 0.444444
 78 85 0.444444
 78 86 1.000000
 78 89 0.444444
 78 503 0.444444
 78 747 0.444444
 79 86 0.081633
 79 87 1.000000
 79 91 0.444444
 79 97 0.444444
 79 98 1.000000
 79 109 1.000000
 79 111 0.081633
 80 82 0.160000
 80 91 1.000000
 80 94 1.000000
 80 98 1.160000
 80 99 0.160000
 80 112 1.000000
 80 850 0.160000
 81 88 1.000000
 81 90 0.444444
 81 91 0.444444
 81 97 0.444444
 81 99 0.444444
 81 101 0.444444
 81 626 0.444444
 82 88 0.444444
 82 90 1.000000
 82 94 0.444444
 82 98 0.160000
 82 99 1.160000
 82 100 0.444444
 82 105 0.444444
 82 850 0.160000
 83 84 0.312500
 83 87 0.250000
 83 89 0.444444
 83 112 0.250000
 83 564 0.062500
 83 566 0.062500
 83 567 0.062500
 83 571 1.000000
 84 85 0.444444
 84 87 0.250000
 84 112 0.250000
 84 564 0.062500
 84 566 0.062500
 84 567 0.062500
 85 110 1.000000
 86 87 0.033058
 86 88 0.033058
 86 98 0.033058
 86 99 0.033058
 86 110 0.033058
 86 111 0.081633
 86 120 0.033058
 86 459 0.033058
 86 463 0.033058
 86 488 0.033058
 87 88 0.033058
 87 98 0.033058
 87 99 0.033058
 87 110 0.033058
 87 112 0.250000
 87 120 0.033058
 87 459 0.033058
 87 463 0.033058
 87 488 0.033058
 88 94 0.444444
 88 98 0.033058
 88 99 0.033058
 88 110 0.033058
 88 120 0.033058
 88 459 0.033058
 88 463 0.033058
 88 488 0.033058
 89 479 0.250000
 89 480 0.250000
 89 606 1.000000
 90 91 0.160000
 90 95 0.160000
 90 97 0.444444
 90 104 0.160000
 90 853 0.160000
 91 95 0.160000
 91 97 0.444444
 91 99 0.444444
 91 104 0.160000
 91 853 0.160000
 92 93 0.444444
 92 104 0.444444
 92 105 0.160000
 92 641 0.160000
 92 674 0.160000
 92 675 0.160000
 92 855 1.000000
 93 96 0.444444
 93 104 0.444444
 93 698 0.444444
 93 856 0.444444
 94 95 1.000000
 95 96 0.250000
 95 104 0.160000
 95 730 0.250000
 95 848 1.000000
 95 852 1.000000
 95 853 0.160000
 95 854 0.250000
 96 100 1.000000
 96 104 0.444444
 96 730 0.250000
 96 851 0.444444
 96 854 0.250000
 96 856 0.444444
 97 847 1.000000
 98 99 0.193058
 98 110 0.033058
 98 120 0.033058
 98 459 0.033058
 98 463 0.033058
 98 488 0.033058
 98 850 0.160000
 99 110 0.033058
 99 120 0.033058
 99 459 0.033058
 99 463 0.033058
 99 488 0.033058
 99 850 0.160000
 100 105 0.444444
 100 849 1.000000
 101 626 0.444444
 102 103 0.444444
 102 108 0.444444
 102 786 0.049383
 102 789 0.049383
 102 792 0.049383
 102 795 0.049383
 102 798 0.049383
 102 801 0.049383
 102 804 0.049383
 102 807 0.049383
 103 108 0.444444
 103 810 0.049383
 103 813 0.049383
 103 816 0.049383
 103 819 0.049383
 103 822 0.049383
 103 825 0.049383
 103 828 0.049383
 103 831 0.049383
 104 851 0.444444
 104 853 0.160000
 105 106 1.000000
 105 641 0.160000
 105 674 0.160000
 105 675 0.160000
 106 107 1.000000
 107 108 1.000000
 109 113 0.160000
 109 147 0.250000
 109 160 0.250000
 109 567 0.250000
 109 844 0.160000
 110 111 1.000000
 110 120 0.033058
 110 459 0.033058
 110 463 0.033058
 110 488 0.033058
 111 112 1.000000
 111 113 1.000000
 113 128 0.160000
 113 160 0.160000
 113 564 0.160000
 113 572 0.160000
 113 844 0.160000
 114 119 0.040000
 114 444 0.015625
 114 448 0.015625
 114 451 0.015625
 114 731 0.015625
 114 732 0.015625
 114 733 0.015625
 114 734 0.015625
 114 735 0.015625
 114 736 0.015625
 114 737 0.015625
 114 738 0.015625
 114 739 0.015625
 114 740 0.015625
 114 741 0.015625
 115 116 0.444444
 115 117 0.477502
 115 119 0.444444
 115 120 0.444444
 115 134 0.033058
 115 446 0.033058
 115 450 0.033058
 115 453 0.033058
 115 455 0.033058
 115 464 0.033058
 115 468 0.033058
 115 639 0.033058
 115 672 1.000000
 116 117 0.444444
 116 658 0.012346
 116 659 0.012346
 116 660 0.012346
 116 661 0.012346
 116 662 0.012346
 116 663 0.012346
 116 664 0.012346
 116 665 0.012346
 116 666 0.012346
 116 667 0.012346
 116 668 0.012346
 116 669 0.012346
 116 670 0.012346
 116 671 0.012346
 116 672 0.012346
 116 673 0.012346
 116 677 0.012346
 117 134 0.033058
 117 146 0.250000
 117 446 0.033058
 117 450 0.033058
 117 453 0.033058
 117 455 0.033058
 117 464 0.033058
 117 468 0.033058
 117 542 0.250000
 117 639 0.033058
 117 671 1.000000
 118 119 1.000000
 118 120 1.000000
 118 143 0.250000
 119 120 0.444444
 119 152 0.020408
 119 159 0.020408
 119 317 0.020408
 119 333 0.020408
 119 337 0.020408
 119 338 0.020408
 119 339 0.020408
 119 340 0.020408
 119 341 0.020408
 119 459 0.020408
 119 570 0.020408
 120 459 0.033058
 120 463 0.033058
 120 488 0.033058
 121 122 0.250000
 121 123 0.444444
 121 133 1.000000
 121 307 0.444444
 121 308 0.250000
 121 319 0.250000
 122 124 0.081633
 122 135 0.444444
 122 148 0.444444
 122 153 0.081633
 122 307 0.081633
 122 308 0.331633
 122 319 0.250000
 122 336 0.081633
 122 719 0.081633
 123 124 0.160000
 123 130 0.444444
 123 136 0.444444
 123 307 0.444444
 123 308 0.160000
 123 309 0.160000
 123 720 0.160000
 124 132 0.250000
 124 137 0.250000
 124 144 0.250000
 124 153 0.081633
 124 307 0.081633
 124 308 0.241633
 124 309 0.160000
 124 336 0.081633
 124 719 0.081633
 124 720 0.160000
 125 127 0.111111
 125 129 0.111111
 125 130 1.000000
 125 147 0.160000
 125 153 0.160000
 125 309 0.111111
 125 310 0.111111
 125 311 0.160000
 125 322 0.160000
 125 721 0.111111
 126 127 0.111111
 126 129 0.111111
 126 133 0.160000
 126 135 0.160000
 126 136 0.160000
 126 137 0.160000
 126 148 0.160000
 126 158 0.160000
 126 309 0.160000
 126 311 0.111111
 126 320 0.160000
 126 723 0.111111
 127 129 0.222222
 127 132 0.444444
 127 144 0.444444
 127 309 0.111111
 127 310 0.111111
 127 311 0.111111
 127 721 0.111111
 127 723 0.111111
 128 138 0.250000
 128 142 0.250000
 128 160 0.160000
 128 467 0.250000
 128 564 0.160000
 128 572 0.160000
 128 640 1.000000
 129 139 1.000000
 129 309 0.111111
 129 310 0.111111
 129 311 0.111111
 129 721 0.111111
 129 723 0.111111
 130 136 0.444444
 130 140 1.000000
 131 134 0.694444
 131 135 1.000000
 131 667 0.250000
 131 671 0.250000
 131 692 0.444444
 132 137 0.250000
 132 139 0.444444
 132 144 0.854444
 132 150 0.444444
 132 158 0.160000
 132 310 0.160000
 132 321 0.160000
 133 134 1.000000
 133 135 0.320000
 133 136 0.320000
 133 137 0.320000
 133 138 0.160000
 134 446 0.033058
 134 450 0.033058
 134 453 0.033058
 134 455 0.033058
 134 464 0.033058
 134 468 0.033058
 134 639 0.033058
 134 667 0.250000
 134 671 0.250000
 134 692 0.444444
 135 136 0.320000
 135 137 0.320000
 135 138 0.160000
 135 148 0.444444
 136 137 0.320000
 136 138 0.160000
 136 710 0.444444
 136 712 0.444444
 137 138 0.160000
 137 144 0.250000
 137 709 0.444444
 137 711 0.444444
 138 141 0.020408
 138 142 0.250000
 138 148 0.180408
 138 154 0.020408
 138 155 0.020408
 138 157 0.160000
 138 318 0.020408
 138 319 0.020408
 138 320 0.020408
 138 321 0.020408
 138 322 0.020408
 138 328 0.020408
 138 335 0.020408
 138 467 0.250000
 138 663 0.020408
 138 673 0.160000
 139 140 1.000000
 139 141 1.000000
 139 144 1.000000
 139 150 0.444444
 140 156 0.111111
 140 347 0.111111
 140 729 0.111111
 141 148 0.020408
 141 149 1.000000
 141 154 0.020408
 141 155 0.020408
 141 318 0.020408
 141 319 0.020408
 141 320 0.020408
 141 321 0.020408
 141 322 0.020408
 141 328 0.020408
 141 335 0.020408
 141 663 0.020408
 142 146 0.444444
 142 147 0.444444
 142 148 0.444444
 142 151 0.444444
 142 161 0.013841
 142 234 0.013841
 142 364 0.013841
 142 365 0.013841
 142 386 0.013841
 142 387 0.013841
 142 451 0.013841
 142 457 0.013841
 142 467 0.263841
 142 493 0.013841
 142 522 0.013841
 142 608 0.013841
 142 627 0.013841
 142 699 0.013841
 142 748 0.013841
 143 145 1.000000
 143 149 0.444444
 143 157 0.444444
 144 158 0.160000
 144 310 0.160000
 144 321 0.160000
 145 146 0.444444
 145 159 0.444444
 145 701 0.444444
 145 708 0.444444
 146 151 0.444444
 146 159 0.444444
 146 542 0.250000
 146 841 1.000000
 147 148 0.444444
 147 153 0.160000
 147 160 0.250000
 147 311 0.160000
 147 322 0.160000
 147 567 0.250000
 148 154 0.020408
 148 155 0.020408
 148 157 0.160000
 148 158 0.160000
 148 309 0.160000
 148 318 0.020408
 148 319 0.020408
 148 320 0.180408
 148 321 0.020408
 148 322 0.020408
 148 328 0.020408
 148 335 0.020408
 148 663 0.020408
 148 673 0.160000
 149 152 1.000000
 149 156 1.000000
 149 157 0.444444
 151 464 0.111111
 151 692 0.111111
 151 693 0.111111
 151 694 0.111111
 151 695 0.111111
 152 159 0.020408
 152 317 0.020408
 152 333 0.020408
 152 337 0.020408
 152 338 0.020408
 152 339 0.020408
 152 340 0.020408
 152 341 0.020408
 152 456 0.160000
 152 459 0.020408
 152 460 0.160000
 152 466 0.160000
 152 570 0.020408
 152 866 1.000000
 152 867 0.160000
 153 154 1.000000
 153 158 1.000000
 153 307 0.081633
 153 308 0.081633
 153 311 0.160000
 153 322 0.160000
 153 336 0.081633
 153 719 0.081633
 154 155 1.020408
 154 318 0.020408
 154 319 0.020408
 154 320 0.020408
 154 321 0.020408
 154 322 0.020408
 154 328 0.020408
 154 335 0.020408
 154 663 0.020408
 155 156 1.000000
 155 318 0.020408
 155 319 0.020408
 155 320 0.020408
 155 321 0.020408
 155 322 0.020408
 155 328 0.020408
 155 335 0.020408
 155 663 0.020408
 156 347 0.111111
 156 463 0.444444
 156 465 0.444444
 156 729 0.111111
 157 673 0.160000
 158 309 0.160000
 158 310 0.160000
 158 320 0.160000
 158 321 0.160000
 159 317 0.020408
 159 333 0.020408
 159 337 0.020408
 159 338 0.020408
 159 339 0.020408
 159 340 0.020408
 159 341 0.020408
 159 459 0.020408
 159 570 0.020408
 160 564 0.160000
 160 567 0.250000
 160 572 0.160000
 161 179 0.160000
 161 203 0.160000
 161 217 0.160000
 161 226 0.160000
 161 234 0.013841
 161 364 0.013841
 161 365 0.013841
 161 386 0.013841
 161 387 0.013841
 161 451 0.013841
 161 457 0.013841
 161 467 0.013841
 161 493 0.013841
 161 522 0.013841
 161 608 0.013841
 161 627 0.013841
 161 699 0.013841
 161 748 0.013841
 162 163 0.081633
 162 164 0.081633
 162 165 0.081633
 162 166 0.163265
 162 167 0.163265
 162 168 0.526077
 162 172 0.081633
 162 173 1.000000
 162 174 0.081633
 162 178 0.081633
 162 179 0.081633
 162 511 0.444444
 163 164 1.331633
 163 165 1.331633
 163 166 0.081633
 163 167 0.081633
 163 178 0.081633
 163 180 0.250000
 164 165 0.776077
 164 166 0.526077
 164 167 0.081633
 164 178 0.081633
 164 180 0.250000
 165 166 0.526077
 165 167 0.081633
 165 178 0.081633
 165 180 0.250000
 166 167 0.163265
 166 168 0.081633
 166 172 0.081633
 166 174 0.081633
 166 175 1.000000
 166 178 0.081633
 166 179 0.081633
 167 168 0.526077
 167 172 0.081633
 167 173 0.444444
 167 174 0.081633
 167 178 0.081633
 167 179 0.081633
 167 182 1.000000
 168 169 0.111111
 168 170 0.111111
 168 171 0.111111
 168 172 0.192744
 168 173 0.444444
 168 174 0.081633
 168 177 0.111111
 168 179 0.081633
 168 511 0.444444
 169 170 1.361111
 169 171 1.361111
 169 172 0.111111
 169 177 0.111111
 169 181 0.250000
 170 171 0.805556
 170 172 0.555556
 170 177 0.111111
 170 181 0.250000
 171 172 0.555556
 171 177 0.111111
 171 181 0.250000
 172 174 0.081633
 172 175 1.000000
 172 177 0.111111
 172 179 0.081633
 173 174 1.000000
 174 179 0.081633
 174 180 0.444444
 174 181 0.444444
 175 207 0.444444
 175 230 0.444444
 176 177 1.000000
 176 178 1.000000
 179 203 0.160000
 179 217 0.160000
 179 226 0.160000
 180 181 0.444444
 182 183 0.505280
 182 184 0.060836
 182 185 0.060836
 182 186 0.060836
 182 187 0.060836
 182 188 0.060836
 182 189 0.060836
 182 190 0.060836
 182 191 0.060836
 182 198 0.444444
 182 203 0.027778
 182 205 0.027778
 182 208 0.033058
 183 184 0.505280
 183 185 0.060836
 183 186 0.060836
 183 187 0.060836
 183 188 0.060836
 183 189 0.060836
 183 190 0.060836
 183 191 0.060836
 183 198 0.888889
 183 203 0.027778
 183 205 0.027778
 183 208 0.033058
 184 185 0.310836
 184 186 0.060836
 184 187 0.060836
 184 188 0.060836
 184 189 0.060836
 184 190 0.060836
 184 191 0.060836
 184 197 0.250000
 184 198 0.444444
 184 203 0.027778
 184 205 0.277778
 184 206 1.000000
 184 208 0.033058
 185 186 1.060836
 185 187 0.060836
 185 188 0.060836
 185 189 0.060836
 185 190 0.060836
 185 191 0.060836
 185 197 0.250000
 185 203 0.027778
 185 204 1.000000
 185 205 0.277778
 185 208 0.033058
 186 187 0.310836
 186 188 0.060836
 186 189 0.060836
 186 190 0.060836
 186 191 0.060836
 186 194 0.250000
 186 195 1.000000
 186 196 0.250000
 186 203 0.027778
 186 205 0.027778
 186 208 0.033058
 187 188 0.310836
 187 189 0.060836
 187 190 0.060836
 187 191 0.060836
 187 194 0.500000
 187 195 1.000000
 187 196 0.250000
 187 203 0.027778
 187 205 0.027778
 187 206 0.250000
 187 208 0.033058
 188 189 0.505280
 188 190 0.060836
 188 191 0.060836
 188 194 0.694444
 188 195 1.000000
 188 203 0.027778
 188 205 0.027778
 188 206 0.250000
 188 208 0.033058
 189 190 0.505280
 189 191 0.060836
 189 192 0.444444
 189 193 1.000000
 189 194 0.444444
 189 203 0.027778
 189 205 0.027778
 189 208 0.033058
 190 191 0.505280
 190 192 0.888889
 190 193 1.000000
 190 203 0.027778
 190 205 0.027778
 190 208 0.033058
 191 192 1.444444
 191 193 1.000000
 191 203 0.027778
 191 205 0.027778
 191 208 0.033058
 192 199 1.000000
 193 200 1.000000
 194 196 0.250000
 194 199 1.000000
 194 206 0.250000
 195 200 1.000000
 196 197 0.160000
 196 204 0.160000
 196 205 0.444444
 196 206 0.444444
 196 207 0.444444
 196 208 0.444444
 196 217 0.160000
 196 223 0.160000
 197 199 0.250000
 197 200 0.250000
 197 204 0.160000
 197 205 0.250000
 197 217 0.160000
 197 223 0.160000
 197 225 0.250000
 198 199 0.444444
 198 200 0.444444
 199 200 0.694444
 199 201 0.444444
 199 202 0.444444
 199 225 0.250000
 200 201 1.000000
 200 225 0.250000
 201 202 0.444444
 201 227 1.000000
 202 220 1.000000
 203 205 0.027778
 203 217 0.160000
 203 226 0.160000
 204 217 0.160000
 204 223 0.160000
 205 206 0.444444
 205 232 1.000000
 206 233 1.000000
 207 208 0.444444
 207 230 0.444444
 209 210 0.555556
 209 211 0.111111
 209 212 0.111111
 209 213 0.111111
 209 214 0.444444
 209 216 0.111111
 209 221 0.250000
 209 222 0.250000
 209 228 0.444444
 209 230 0.250000
 209 410 0.444444
 210 211 1.111111
 210 212 0.111111
 210 213 0.111111
 210 214 1.000000
 210 216 0.111111
 210 228 0.444444
 211 212 1.111111
 211 213 0.111111
 211 214 1.000000
 211 216 0.111111
 212 213 0.555556
 212 215 0.444444
 212 216 0.111111
 213 215 1.444444
 213 216 0.111111
 214 215 1.000000
 214 410 0.444444
 215 222 1.000000
 216 221 0.444444
 216 231 0.444444
 217 218 0.250000
 217 223 0.160000
 217 226 0.160000
 217 228 0.250000
 217 233 0.250000
 217 348 0.444444
 217 404 0.444444
 218 222 0.444444
 218 223 1.444444
 218 224 0.444444
 218 228 0.250000
 218 232 0.444444
 218 233 0.250000
 219 222 0.444444
 219 224 1.000000
 219 226 1.000000
 219 229 0.444444
 219 403 0.444444
 219 445 0.444444
 220 221 0.444444
 220 226 0.160000
 220 229 0.444444
 220 231 0.160000
 220 405 0.160000
 220 406 0.444444
 220 410 0.160000
 220 443 0.444444
 221 222 0.250000
 221 227 1.444444
 221 228 0.444444
 221 229 0.444444
 221 230 0.250000
 221 231 0.444444
 222 228 1.000000
 222 229 0.444444
 222 230 0.250000
 222 232 0.444444
 223 224 0.444444
 224 225 0.444444
 224 233 0.444444
 225 233 1.444444
 226 231 0.160000
 226 405 0.160000
 226 410 0.160000
 227 228 0.444444
 228 233 0.250000
 229 232 0.444444
 229 233 0.444444
 231 405 0.160000
 231 410 0.160000
 232 233 0.444444
 234 252 0.160000
 234 276 0.160000
 234 290 0.160000
 234 299 0.160000
 234 364 0.013841
 234 365 0.013841
 234 386 0.013841
 234 387 0.013841
 234 451 0.013841
 234 457 0.013841
 234 467 0.013841
 234 493 0.013841
 234 522 0.013841
 234 608 0.013841
 234 627 0.013841
 234 699 0.013841
 234 748 0.013841
 235 236 0.081633
 235 237 0.081633
 235 238 0.081633
 235 239 0.163265
 235 240 0.163265
 235 241 0.526077
 235 245 0.081633
 235 246 1.000000
 235 247 0.081633
 235 251 0.081633
 235 252 0.081633
 235 516 0.444444
 236 237 1.331633
 236 238 1.331633
 236 239 0.081633
 236 240 0.081633
 236 251 0.081633
 236 253 0.250000
 237 238 0.776077
 237 239 0.526077
 237 240 0.081633
 237 251 0.081633
 237 253 0.250000
 238 239 0.526077
 238 240 0.081633
 238 251 0.081633
 238 253 0.250000
 239 240 0.163265
 239 241 0.081633
 239 245 0.081633
 239 247 0.081633
 239 248 1.000000
 239 251 0.081633
 239 252 0.081633
 240 241 0.526077
 240 245 0.081633
 240 246 0.444444
 240 247 0.081633
 240 251 0.081633
 240 252 0.081633
 240 255 1.000000
 241 242 0.111111
 241 243 0.111111
 241 244 0.111111
 241 245 0.192744
 241 246 0.444444
 241 247 0.081633
 241 250 0.111111
 241 252 0.081633
 241 516 0.444444
 242 243 1.361111
 242 244 1.361111
 242 245 0.111111
 242 250 0.111111
 242 254 0.250000
 243 244 0.805556
 243 245 0.555556
 243 250 0.111111
 243 254 0.250000
 244 245 0.555556
 244 250 0.111111
 244 254 0.250000
 245 247 0.081633
 245 248 1.000000
 245 250 0.111111
 245 252 0.081633
 246 247 1.000000
 247 252 0.081633
 247 253 0.444444
 247 254 0.444444
 248 280 0.444444
 248 303 0.444444
 249 250 1.000000
 249 251 1.000000
 252 276 0.160000
 252 290 0.160000
 252 299 0.160000
 253 254 0.444444
 255 256 0.505280
 255 257 0.060836
 255 258 0.060836
 255 259 0.060836
 255 260 0.060836
 255 261 0.060836
 255 262 0.060836
 255 263 0.060836
 255 264 0.060836
 255 271 0.444444
 255 276 0.027778
 255 278 0.027778
 255 281 0.033058
 256 257 0.505280
 256 258 0.060836
 256 259 0.060836
 256 260 0.060836
 256 261 0.060836
 256 262 0.060836
 256 263 0.060836
 256 264 0.060836
 256 271 0.888889
 256 276 0.027778
 256 278 0.027778
 256 281 0.033058
 257 258 0.310836
 257 259 0.060836
 257 260 0.060836
 257 261 0.060836
 257 262 0.060836
 257 263 0.060836
 257 264 0.060836
 257 270 0.250000
 257 271 0.444444
 257 276 0.027778
 257 278 0.277778
 257 279 1.000000
 257 281 0.033058
 258 259 1.060836
 258 260 0.060836
 258 261 0.060836
 258 262 0.060836
 258 263 0.060836
 258 264 0.060836
 258 270 0.250000
 258 276 0.027778
 258 277 1.000000
 258 278 0.277778
 258 281 0.033058
 259 260 0.310836
 259 261 0.060836
 259 262 0.060836
 259 263 0.060836
 259 264 0.060836
 259 267 0.250000
 259 268 1.000000
 259 269 0.250000
 259 276 0.027778
 259 278 0.027778
 259 281 0.033058
 260 261 0.310836
 260 262 0.060836
 260 263 0.060836
 260 264 0.060836
 260 267 0.500000
 260 268 1.000000
 260 269 0.250000
 260 276 0.027778
 260 278 0.027778
 260 279 0.250000
 260 281 0.033058
 261 262 0.505280
 261 263 0.060836
 261 264 0.060836
 261 267 0.694444
 261 268 1.000000
 261 276 0.027778
 261 278 0.027778
 261 279 0.250000
 261 281 0.033058
 262 263 0.505280
 262 264 0.060836
 262 265 0.444444
 262 266 1.000000
 262 267 0.444444
 262 276 0.027778
 262 278 0.027778
 262 281 0.033058
 263 264 0.505280
 263 265 0.888889
 263 266 1.000000
 263 276 0.027778
 263 278 0.027778
 263 281 0.033058
 264 265 1.444444
 264 266 1.000000
 264 276 0.027778
 264 278 0.027778
 264 281 0.033058
 265 272 1.000000
 266 273 1.000000
 267 269 0.250000
 267 273 1.000000
 267 279 0.250000
 268 272 1.000000
 269 270 0.160000
 269 277 0.160000
 269 278 0.444444
 269 279 0.444444
 269 280 0.444444
 269 281 0.444444
 269 290 0.160000
 269 296 0.160000
 270 272 0.250000
 270 273 0.250000
 270 277 0.160000
 270 278 0.250000
 270 290 0.160000
 270 296 0.160000
 270 298 0.250000
 271 272 0.444444
 271 273 0.444444
 272 273 0.694444
 272 274 0.444444
 272 275 0.444444
 272 298 0.250000
 273 274 1.000000
 273 298 0.250000
 274 275 0.444444
 274 300 1.000000
 275 293 1.000000
 276 278 0.027778
 276 290 0.160000
 276 299 0.160000
 277 290 0.160000
 277 296 0.160000
 278 279 0.444444
 278 305 1.000000
 279 306 1.000000
 280 281 0.444444
 280 303 0.444444
 282 283 0.555556
 282 284 0.111111
 282 285 0.111111
 282 286 0.111111
 282 287 0.444444
 282 289 0.111111
 282 294 0.250000
 282 295 0.250000
 282 301 0.444444
 282 303 0.250000
 282 411 0.444444
 283 284 1.111111
 283 285 0.111111
 283 286 0.111111
 283 287 1.000000
 283 289 0.111111
 283 301 0.444444
 284 285 1.111111
 284 286 0.111111
 284 287 1.000000
 284 289 0.111111
 285 286 0.555556
 285 288 0.444444
 285 289 0.111111
 286 288 1.444444
 286 289 0.111111
 287 288 1.000000
 287 411 0.444444
 288 295 1.000000
 289 294 0.444444
 289 304 0.444444
 290 291 0.250000
 290 296 0.160000
 290 299 0.160000
 290 301 0.250000
 290 306 0.250000
 290 370 0.444444
 290 404 0.444444
 291 295 0.444444
 291 296 1.444444
 291 297 0.444444
 291 301 0.250000
 291 305 0.444444
 291 306 0.250000
 292 295 0.444444
 292 297 1.000000
 292 299 1.000000
 292 302 0.444444
 292 403 0.444444
 292 449 0.444444
 293 294 0.444444
 293 299 0.160000
 293 302 0.444444
 293 304 0.160000
 293 405 0.160000
 293 406 0.444444
 293 411 0.160000
 293 447 0.444444
 294 295 0.250000
 294 300 1.444444
 294 301 0.444444
 294 302 0.444444
 294 303 0.250000
 294 304 0.444444
 295 301 1.000000
 295 302 0.444444
 295 303 0.250000
 295 305 0.444444
 296 297 0.444444
 297 298 0.444444
 297 306 0.444444
 298 306 1.444444
 299 304 0.160000
 299 405 0.160000
 299 411 0.160000
 300 301 0.444444
 301 306 0.250000
 302 305 0.444444
 302 306 0.444444
 304 405 0.160000
 304 411 0.160000
 305 306 0.444444
 307 308 0.081633
 307 323 0.444444
 307 328 1.000000
 307 336 0.081633
 307 337 1.444444
 307 719 0.081633
 308 309 0.160000
 308 319 0.250000
 308 324 0.444444
 308 336 0.081633
 308 338 1.444444
 308 719 0.081633
 308 720 0.160000
 309 310 0.111111
 309 320 0.160000
 309 325 0.444444
 309 339 1.444444
 309 720 0.160000
 309 721 0.111111
 310 311 0.444444
 310 321 0.160000
 310 326 0.444444
 310 340 1.444444
 310 721 0.111111
 310 722 0.444444
 311 322 0.160000
 311 327 0.444444
 311 341 1.444444
 311 722 0.444444
 311 723 0.111111
 312 313 0.131519
 312 314 0.131519
 312 315 0.131519
 312 316 0.131519
 312 317 0.020408
 312 318 0.444444
 312 323 0.020408
 312 324 0.020408
 312 325 0.020408
 312 326 0.020408
 312 327 0.020408
 312 329 0.444444
 312 332 0.444444
 312 334 0.111111
 312 414 0.444444
 312 455 0.020408
 312 456 0.020408
 312 458 0.020408
 312 724 1.000000
 313 314 0.131519
 313 315 0.131519
 313 316 0.131519
 313 317 0.020408
 313 319 0.444444
 313 323 0.020408
 313 324 0.020408
 313 325 0.020408
 313 326 0.020408
 313 327 0.020408
 313 329 0.444444
 313 332 0.444444
 313 334 0.111111
 313 415 0.444444
 313 455 0.020408
 313 456 0.020408
 313 458 0.020408
 313 725 1.000000
 314 315 0.131519
 314 316 0.131519
 314 317 0.020408
 314 320 0.444444
 314 323 0.020408
 314 324 0.020408
 314 325 0.020408
 314 326 0.020408
 314 327 0.020408
 314 329 0.444444
 314 331 0.444444
 314 334 0.111111
 314 416 0.444444
 314 455 0.020408
 314 456 0.020408
 314 458 0.020408
 314 726 1.000000
 315 316 0.131519
 315 317 0.020408
 315 321 0.444444
 315 323 0.020408
 315 324 0.020408
 315 325 0.020408
 315 326 0.020408
 315 327 0.020408
 315 330 0.444444
 315 331 0.444444
 315 334 0.111111
 315 417 0.444444
 315 455 0.020408
 315 456 0.020408
 315 458 0.020408
 315 727 1.000000
 316 317 0.020408
 316 322 0.444444
 316 323 0.020408
 316 324 0.020408
 316 325 0.020408
 316 326 0.020408
 316 327 0.020408
 316 330 0.444444
 316 331 0.444444
 316 334 0.111111
 316 418 0.444444
 316 455 0.020408
 316 456 0.020408
 316 458 0.020408
 316 728 1.000000
 317 323 0.020408
 317 324 0.020408
 317 325 0.020408
 317 326 0.020408
 317 327 0.020408
 317 333 0.020408
 317 337 0.020408
 317 338 0.020408
 317 339 0.020408
 317 340 0.020408
 317 341 0.020408
 317 347 0.444444
 317 419 1.000000
 317 455 0.020408
 317 456 0.020408
 317 458 0.020408
 317 459 0.020408
 317 570 0.020408
 318 319 0.102041
 318 320 0.102041
 318 321 0.102041
 318 322 0.102041
 318 328 0.020408
 318 332 0.444444
 318 335 0.102041
 318 336 1.000000
 318 346 0.444444
 318 663 0.020408
 318 860 0.081633
 318 865 0.444444
 319 320 0.102041
 319 321 0.102041
 319 322 0.102041
 319 328 0.020408
 319 332 0.444444
 319 335 0.102041
 319 345 0.444444
 319 663 0.020408
 319 860 0.081633
 319 864 0.444444
 320 321 0.102041
 320 322 0.102041
 320 328 0.020408
 320 331 0.444444
 320 335 0.102041
 320 344 0.444444
 320 663 0.020408
 320 860 0.081633
 320 863 0.444444
 321 322 0.102041
 321 328 0.020408
 321 331 0.444444
 321 335 0.102041
 321 343 0.444444
 321 663 0.020408
 321 860 0.081633
 321 862 0.444444
 322 328 0.020408
 322 331 0.444444
 322 335 0.102041
 322 342 0.444444
 322 663 0.020408
 322 860 0.081633
 322 861 0.444444
 323 324 0.020408
 323 325 0.020408
 323 326 0.020408
 323 327 0.020408
 323 337 0.444444
 323 392 0.444444
 323 455 0.020408
 323 456 0.020408
 323 458 0.020408
 323 638 0.444444
 324 325 0.020408
 324 326 0.020408
 324 327 0.020408
 324 338 0.444444
 324 393 0.444444
 324 455 0.020408
 324 456 0.020408
 324 458 0.020408
 324 637 0.444444
 325 326 0.020408
 325 327 0.020408
 325 339 0.444444
 325 394 0.444444
 325 455 0.020408
 325 456 0.020408
 325 458 0.020408
 325 636 0.444444
 326 327 0.020408
 326 340 0.444444
 326 395 0.444444
 326 455 0.020408
 326 456 0.020408
 326 458 0.020408
 326 635 0.444444
 327 341 0.444444
 327 396 0.444444
 327 455 0.020408
 327 456 0.020408
 327 458 0.020408
 327 634 0.444444
 328 335 0.020408
 328 663 0.020408
 329 333 1.000000
 329 414 0.444444
 329 415 0.444444
 329 416 0.444444
 330 333 1.000000
 330 417 0.444444
 330 418 0.444444
 330 451 0.111111
 330 456 0.111111
 331 332 1.000000
 332 335 1.000000
 333 334 1.000000
 333 337 0.020408
 333 338 0.020408
 333 339 0.020408
 333 340 0.020408
 333 341 0.020408
 333 459 0.020408
 333 570 0.020408
 335 663 0.020408
 335 860 0.081633
 336 719 0.081633
 337 338 0.020408
 337 339 0.020408
 337 340 0.020408
 337 341 0.020408
 337 459 0.020408
 337 570 0.020408
 338 339 0.020408
 338 340 0.020408
 338 341 0.020408
 338 459 0.020408
 338 570 0.020408
 339 340 0.020408
 339 341 0.020408
 339 459 0.020408
 339 570 0.020408
 340 341 0.020408
 340 459 0.020408
 340 570 0.020408
 341 459 0.020408
 341 570 0.020408
 342 662 1.000000
 342 861 0.444444
 343 661 1.000000
 343 862 0.444444
 344 660 1.000000
 344 863 0.444444
 345 659 1.000000
 345 864 0.444444
 346 658 1.000000
 346 865 0.444444
 347 729 0.111111
 348 349 0.653827
 348 350 0.209383
 348 351 0.209383
 348 352 0.049383
 348 353 0.049383
 348 354 0.049383
 348 355 0.049383
 348 364 0.049383
 348 369 0.160000
 348 392 0.444444
 348 404 0.444444
 349 350 0.209383
 349 351 0.653827
 349 352 0.049383
 349 353 0.049383
 349 354 0.049383
 349 355 0.049383
 349 364 0.049383
 349 369 0.160000
 349 392 0.444444
 349 393 0.444444
 350 351 0.209383
 350 352 0.049383
 350 353 0.049383
 350 354 0.049383
 350 355 0.049383
 350 364 0.049383
 350 369 0.160000
 350 394 1.000000
 351 352 0.493827
 351 353 0.049383
 351 354 0.049383
 351 355 0.049383
 351 364 0.049383
 351 369 0.160000
 351 393 0.444444
 351 395 0.444444
 352 353 0.604938
 352 354 0.160494
 352 355 0.160494
 352 364 0.049383
 352 368 0.111111
 352 369 0.111111
 352 395 0.444444
 352 396 0.444444
 353 354 0.604938
 353 355 0.160494
 353 364 0.049383
 353 368 0.111111
 353 369 0.111111
 353 396 0.444444
 353 397 0.444444
 354 355 0.604938
 354 364 0.049383
 354 368 0.111111
 354 369 0.111111
 354 397 0.444444
 354 398 0.444444
 355 356 0.444444
 355 364 0.049383
 355 368 0.111111
 355 369 0.111111
 355 398 0.444444
 355 399 0.444444
 356 357 0.604938
 356 358 0.160494
 356 359 0.160494
 356 360 0.049383
 356 361 0.049383
 356 362 0.049383
 356 363 0.049383
 356 365 0.049383
 356 367 0.111111
 356 368 0.111111
 356 399 0.444444
 356 400 0.444444
 357 358 0.604938
 357 359 0.160494
 357 360 0.049383
 357 361 0.049383
 357 362 0.049383
 357 363 0.049383
 357 365 0.049383
 357 367 0.111111
 357 368 0.111111
 357 400 0.444444
 357 401 0.444444
 358 359 0.604938
 358 360 0.049383
 358 361 0.049383
 358 362 0.049383
 358 363 0.049383
 358 365 0.049383
 358 367 0.111111
 358 368 0.111111
 358 401 0.444444
 358 402 0.444444
 359 360 0.299383
 359 361 0.049383
 359 362 0.049383
 359 363 0.049383
 359 365 0.049383
 359 367 0.111111
 359 368 0.111111
 359 402 0.444444
 359 421 0.250000
 359 428 0.250000
 360 361 0.410494
 360 362 0.160494
 360 363 0.160494
 360 365 0.049383
 360 366 0.111111
 360 367 0.111111
 360 421 0.250000
 360 422 0.250000
 360 428 0.500000
 361 362 0.410494
 361 363 0.160494
 361 365 0.049383
 361 366 0.111111
 361 367 0.111111
 361 422 0.250000
 361 423 0.250000
 361 428 0.500000
 362 363 0.410494
 362 365 0.049383
 362 366 0.111111
 362 367 0.111111
 362 423 0.250000
 362 424 0.250000
 362 428 0.250000
 362 429 0.250000
 363 365 0.049383
 363 366 0.111111
 363 367 0.111111
 363 424 0.250000
 363 425 0.444444
 363 429 0.694444
 364 365 0.013841
 364 386 0.013841
 364 387 0.013841
 364 451 0.013841
 364 457 0.013841
 364 467 0.013841
 364 493 0.013841
 364 522 0.013841
 364 608 0.013841
 364 627 0.013841
 364 699 0.013841
 364 748 0.013841
 365 386 0.013841
 365 387 0.013841
 365 451 0.013841
 365 457 0.013841
 365 467 0.013841
 365 493 0.013841
 365 522 0.013841
 365 608 0.013841
 365 627 0.013841
 365 699 0.013841
 365 748 0.013841
 366 367 0.111111
 366 407 0.250000
 366 412 0.250000
 366 443 0.250000
 367 368 0.111111
 368 369 0.111111
 370 371 0.653827
 370 372 0.209383
 370 373 0.049383
 370 374 0.209383
 370 375 0.049383
 370 376 0.049383
 370 377 0.049383
 370 386 0.049383
 370 391 0.160000
 370 392 0.444444
 370 404 0.444444
 371 372 0.653827
 371 373 0.049383
 371 374 0.209383
 371 375 0.049383
 371 376 0.049383
 371 377 0.049383
 371 386 0.049383
 371 391 0.160000
 371 392 0.444444
 371 393 0.444444
 372 373 0.493827
 372 374 0.209383
 372 375 0.049383
 372 376 0.049383
 372 377 0.049383
 372 386 0.049383
 372 391 0.160000
 372 393 0.444444
 372 394 0.444444
 373 374 0.493827
 373 375 0.160494
 373 376 0.160494
 373 377 0.160494
 373 386 0.049383
 373 390 0.111111
 373 391 0.111111
 373 394 0.444444
 373 395 0.444444
 374 375 0.493827
 374 376 0.049383
 374 377 0.049383
 374 386 0.049383
 374 391 0.160000
 374 395 0.444444
 374 396 0.444444
 375 376 0.604938
 375 377 0.160494
 375 386 0.049383
 375 390 0.111111
 375 391 0.111111
 375 396 0.444444
 375 397 0.444444
 376 377 0.604938
 376 386 0.049383
 376 390 0.111111
 376 391 0.111111
 376 397 0.444444
 376 398 0.444444
 377 378 0.444444
 377 386 0.049383
 377 390 0.111111
 377 391 0.111111
 377 398 0.444444
 377 399 0.444444
 378 379 0.604938
 378 380 0.160494
 378 381 0.160494
 378 382 0.049383
 378 383 0.049383
 378 384 0.049383
 378 385 0.049383
 378 387 0.049383
 378 389 0.111111
 378 390 0.111111
 378 399 0.444444
 378 400 0.444444
 379 380 0.604938
 379 381 0.160494
 379 382 0.049383
 379 383 0.049383
 379 384 0.049383
 379 385 0.049383
 379 387 0.049383
 379 389 0.111111
 379 390 0.111111
 379 400 0.444444
 379 401 0.444444
 380 381 0.604938
 380 382 0.049383
 380 383 0.049383
 380 384 0.049383
 380 385 0.049383
 380 387 0.049383
 380 389 0.111111
 380 390 0.111111
 380 401 0.444444
 380 402 0.444444
 381 382 0.299383
 381 383 0.049383
 381 384 0.049383
 381 385 0.049383
 381 387 0.049383
 381 389 0.111111
 381 390 0.111111
 381 402 0.444444
 381 432 0.250000
 381 439 0.250000
 382 383 0.410494
 382 384 0.160494
 382 385 0.160494
 382 387 0.049383
 382 388 0.111111
 382 389 0.111111
 382 432 0.250000
 382 433 0.250000
 382 439 0.500000
 383 384 0.410494
 383 385 0.160494
 383 387 0.049383
 383 388 0.111111
 383 389 0.111111
 383 433 0.250000
 383 434 0.250000
 383 439 0.500000
 384 385 0.410494
 384 387 0.049383
 384 388 0.111111
 384 389 0.111111
 384 434 0.250000
 384 435 0.250000
 384 439 0.250000
 384 440 0.250000
 385 387 0.049383
 385 388 0.111111
 385 389 0.111111
 385 435 0.250000
 385 436 0.444444
 385 440 0.694444
 386 387 0.013841
 386 451 0.013841
 386 457 0.013841
 386 467 0.013841
 386 493 0.013841
 386 522 0.013841
 386 608 0.013841
 386 627 0.013841
 386 699 0.013841
 386 748 0.013841
 387 451 0.013841
 387 457 0.013841
 387 467 0.013841
 387 493 0.013841
 387 522 0.013841
 387 608 0.013841
 387 627 0.013841
 387 699 0.013841
 387 748 0.013841
 388 389 0.111111
 388 407 0.250000
 388 413 0.250000
 388 447 0.250000
 389 390 0.111111
 390 391 0.111111
 392 393 0.026187
 392 394 0.026187
 392 395 0.026187
 392 396 0.026187
 392 397 0.026187
 392 398 0.026187
 392 399 0.026187
 392 400 0.026187
 392 401 0.026187
 392 402 0.026187
 392 403 0.026187
 392 404 0.026187
 392 405 0.026187
 392 406 0.026187
 392 407 0.026187
 392 408 0.012346
 392 409 0.026187
 392 638 0.444444
 393 394 0.026187
 393 395 0.026187
 393 396 0.026187
 393 397 0.026187
 393 398 0.026187
 393 399 0.026187
 393 400 0.026187
 393 401 0.026187
 393 402 0.026187
 393 403 0.026187
 393 404 0.026187
 393 405 0.026187
 393 406 0.026187
 393 407 0.026187
 393 408 0.012346
 393 409 0.026187
 393 637 0.444444
 394 395 0.026187
 394 396 0.026187
 394 397 0.026187
 394 398 0.026187
 394 399 0.026187
 394 400 0.026187
 394 401 0.026187
 394 402 0.026187
 394 403 0.026187
 394 404 0.026187
 394 405 0.026187
 394 406 0.026187
 394 407 0.026187
 394 408 0.012346
 394 409 0.026187
 394 636 0.444444
 395 396 0.026187
 395 397 0.026187
 395 398 0.026187
 395 399 0.026187
 395 400 0.026187
 395 401 0.026187
 395 402 0.026187
 395 403 0.026187
 395 404 0.026187
 395 405 0.026187
 395 406 0.026187
 395 407 0.026187
 395 408 0.012346
 395 409 0.026187
 395 635 0.444444
 396 397 0.026187
 396 398 0.026187
 396 399 0.026187
 396 400 0.026187
 396 401 0.026187
 396 402 0.026187
 396 403 0.026187
 396 404 0.026187
 396 405 0.026187
 396 406 0.026187
 396 407 0.026187
 396 408 0.012346
 396 409 0.026187
 396 634 0.444444
 397 398 0.026187
 397 399 0.026187
 397 400 0.026187
 397 401 0.026187
 397 402 0.026187
 397 403 0.026187
 397 404 0.026187
 397 405 0.026187
 397 406 0.026187
 397 407 0.026187
 397 408 0.012346
 397 409 0.026187
 397 414 0.444444
 397 633 0.444444
 398 399 0.026187
 398 400 0.026187
 398 401 0.026187
 398 402 0.026187
 398 403 0.026187
 398 404 0.026187
 398 405 0.026187
 398 406 0.026187
 398 407 0.026187
 398 408 0.012346
 398 409 0.026187
 398 415 0.444444
 398 632 0.444444
 399 400 0.026187
 399 401 0.026187
 399 402 0.026187
 399 403 0.026187
 399 404 0.026187
 399 405 0.026187
 399 406 0.026187
 399 407 0.026187
 399 408 0.012346
 399 409 0.026187
 399 416 0.444444
 399 631 0.444444
 400 401 0.026187
 400 402 0.026187
 400 403 0.026187
 400 404 0.026187
 400 405 0.026187
 400 406 0.026187
 400 407 0.026187
 400 408 0.012346
 400 409 0.026187
 400 417 0.444444
 400 630 0.444444
 401 402 0.026187
 401 403 0.026187
 401 404 0.026187
 401 405 0.026187
 401 406 0.026187
 401 407 0.026187
 401 408 0.012346
 401 409 0.026187
 401 418 0.444444
 401 629 0.444444
 402 403 0.026187
 402 404 0.026187
 402 405 0.026187
 402 406 0.026187
 402 407 0.026187
 402 408 0.012346
 402 409 0.026187
 402 419 0.444444
 402 628 0.444444
 403 404 0.026187
 403 405 0.026187
 403 406 0.026187
 403 407 0.026187
 403 408 0.012346
 403 409 0.026187
 403 445 0.444444
 403 449 0.444444
 404 405 0.026187
 404 406 0.026187
 404 407 0.026187
 404 408 0.012346
 404 409 0.026187
 404 577 1.000000
 405 406 0.026187
 405 407 0.026187
 405 408 0.012346
 405 409 0.026187
 405 410 0.160000
 405 411 0.160000
 406 407 0.026187
 406 408 0.012346
 406 409 0.026187
 406 420 1.000000
 406 443 0.444444
 406 447 0.444444
 407 408 0.012346
 407 409 0.026187
 407 412 0.250000
 407 413 0.250000
 407 443 0.250000
 407 447 0.250000
 408 409 0.012346
 408 461 0.081633
 408 462 0.081633
 408 522 0.081633
 408 711 0.081633
 408 712 0.081633
 408 878 0.081633
 410 412 1.000000
 411 413 1.000000
 412 443 0.250000
 413 447 0.250000
 414 633 0.444444
 415 632 0.444444
 416 631 0.444444
 417 630 0.444444
 418 629 0.444444
 419 628 0.444444
 421 426 1.000000
 421 428 0.250000
 421 432 0.250000
 421 686 0.250000
 421 703 0.250000
 422 426 1.000000
 422 428 0.250000
 422 433 0.250000
 422 687 0.250000
 422 703 0.250000
 423 426 1.000000
 423 428 0.250000
 423 434 0.250000
 423 688 0.250000
 423 704 0.250000
 424 427 1.000000
 424 429 0.250000
 424 435 0.250000
 424 689 0.250000
 424 704 0.250000
 425 427 1.000000
 425 429 0.444444
 425 436 0.250000
 425 696 0.250000
 425 706 0.250000
 426 427 1.000000
 427 430 1.000000
 428 429 1.000000
 429 431 1.000000
 430 431 0.444444
 430 445 1.000000
 430 462 0.444444
 431 442 0.444444
 431 462 0.444444
 431 859 0.444444
 432 437 1.000000
 432 439 0.250000
 432 686 0.250000
 432 703 0.250000
 433 437 1.000000
 433 439 0.250000
 433 687 0.250000
 433 703 0.250000
 434 437 1.000000
 434 439 0.250000
 434 688 0.250000
 434 704 0.250000
 435 438 1.000000
 435 440 0.250000
 435 689 0.250000
 435 704 0.250000
 436 438 1.000000
 436 440 0.444444
 436 696 0.250000
 436 706 0.250000
 437 438 1.000000
 438 441 1.000000
 439 440 1.000000
 440 442 1.000000
 441 442 0.444444
 441 449 1.000000
 441 462 0.444444
 442 462 0.444444
 442 859 0.444444
 443 444 1.000000
 443 446 1.000000
 444 445 1.000000
 444 446 0.250000
 444 448 0.015625
 444 451 0.015625
 444 452 0.250000
 444 453 0.250000
 444 731 0.015625
 444 732 0.015625
 444 733 0.015625
 444 734 0.015625
 444 735 0.015625
 444 736 0.015625
 444 737 0.015625
 444 738 0.015625
 444 739 0.015625
 444 740 0.015625
 444 741 0.015625
 446 450 0.082441
 446 451 0.049383
 446 452 0.250000
 446 453 0.283058
 446 455 0.082441
 446 457 0.049383
 446 463 0.049383
 446 464 0.033058
 446 468 0.033058
 446 639 0.033058
 446 697 0.049383
 447 448 1.000000
 447 450 1.000000
 448 449 1.000000
 448 450 0.250000
 448 451 0.015625
 448 452 0.250000
 448 454 0.250000
 448 731 0.015625
 448 732 0.015625
 448 733 0.015625
 448 734 0.015625
 448 735 0.015625
 448 736 0.015625
 448 737 0.015625
 448 738 0.015625
 448 739 0.015625
 448 740 0.015625
 448 741 0.015625
 450 451 0.049383
 450 452 0.250000
 450 453 0.033058
 450 454 0.250000
 450 455 0.082441
 450 457 0.049383
 450 463 0.049383
 450 464 0.033058
 450 468 0.033058
 450 639 0.033058
 450 697 0.049383
 451 452 0.250000
 451 455 0.049383
 451 456 0.111111
 451 457 0.313224
 451 458 0.250000
 451 463 0.049383
 451 467 0.013841
 451 493 0.013841
 451 522 0.013841
 451 608 0.013841
 451 627 0.013841
 451 697 0.049383
 451 699 0.013841
 451 731 0.015625
 451 732 0.015625
 451 733 0.015625
 451 734 0.015625
 451 735 0.015625
 451 736 0.015625
 451 737 0.015625
 451 738 0.015625
 451 739 0.015625
 451 740 0.015625
 451 741 0.015625
 451 748 0.013841
 452 453 0.250000
 452 454 0.250000
 452 457 0.250000
 452 458 0.250000
 453 454 1.062500
 453 455 0.033058
 453 461 0.062500
 453 462 0.062500
 453 464 0.033058
 453 468 0.033058
 453 639 0.033058
 453 664 0.062500
 453 672 0.062500
 453 709 0.062500
 453 710 0.062500
 454 461 0.062500
 454 462 0.062500
 454 664 0.062500
 454 672 0.062500
 454 709 0.062500
 454 710 0.062500
 455 456 0.020408
 455 457 0.049383
 455 458 0.020408
 455 463 0.049383
 455 464 0.033058
 455 468 0.033058
 455 639 0.033058
 455 697 0.049383
 456 458 0.020408
 456 460 0.160000
 456 466 0.160000
 456 867 0.160000
 457 458 0.250000
 457 459 1.000000
 457 463 0.049383
 457 467 0.013841
 457 493 0.013841
 457 522 0.013841
 457 608 0.013841
 457 627 0.013841
 457 697 0.049383
 457 699 0.013841
 457 748 0.013841
 459 463 0.033058
 459 488 0.033058
 459 570 0.020408
 460 466 0.160000
 460 522 0.444444
 460 750 0.444444
 460 867 0.160000
 461 462 0.144133
 461 522 0.081633
 461 664 0.062500
 461 672 0.062500
 461 709 0.062500
 461 710 0.062500
 461 711 0.081633
 461 712 0.081633
 461 878 0.081633
 462 463 1.000000
 462 522 0.081633
 462 664 0.062500
 462 672 0.062500
 462 709 0.062500
 462 710 0.062500
 462 711 0.081633
 462 712 0.081633
 462 878 0.081633
 463 464 1.000000
 463 465 0.444444
 463 488 0.033058
 463 697 0.049383
 464 468 0.033058
 464 536 0.444444
 464 572 0.444444
 464 639 0.033058
 464 692 0.111111
 464 693 0.111111
 464 694 0.111111
 464 695 0.111111
 465 843 0.444444
 466 467 1.000000
 466 468 1.000000
 466 867 0.160000
 467 468 1.000000
 467 493 0.013841
 467 504 0.250000
 467 522 0.013841
 467 608 0.013841
 467 627 0.013841
 467 699 0.013841
 467 748 0.013841
 467 881 0.250000
 468 639 0.033058
 469 470 0.444444
 469 489 2.000000
 469 600 0.444444
 470 471 1.000000
 470 480 0.444444
 470 481 0.250000
 470 486 0.250000
 470 489 1.000000
 470 501 0.694444
 470 600 0.444444
 471 472 1.000000
 471 478 0.111111
 471 481 0.111111
 471 487 0.111111
 471 493 0.111111
 471 505 0.111111
 472 473 0.250000
 472 474 1.000000
 472 477 0.250000
 472 485 0.250000
 472 496 1.000000
 473 474 1.000000
 473 475 1.000000
 473 477 0.500000
 473 480 0.250000
 473 485 0.250000
 473 496 0.250000
 474 476 0.444444
 474 491 0.444444
 475 478 0.444444
 475 490 1.000000
 475 495 0.444444
 476 485 1.000000
 476 491 0.444444
 476 492 1.000000
 477 480 0.250000
 477 485 0.250000
 477 494 0.250000
 477 495 0.250000
 477 496 0.250000
 477 503 0.250000
 478 479 0.250000
 478 481 0.111111
 478 486 0.250000
 478 487 0.111111
 478 493 0.111111
 478 494 1.000000
 478 495 0.888889
 478 496 0.444444
 478 505 0.111111
 478 506 0.250000
 479 480 0.250000
 479 486 0.250000
 479 489 0.444444
 479 497 0.444444
 479 506 0.250000
 480 484 0.049383
 480 489 0.049383
 480 496 0.299383
 480 497 0.049383
 480 498 0.049383
 480 499 0.049383
 480 500 0.049383
 480 501 0.493827
 481 486 0.694444
 481 487 0.111111
 481 488 0.444444
 481 493 0.111111
 481 501 0.250000
 481 502 1.000000
 481 505 0.111111
 482 490 0.444444
 482 493 0.444444
 482 502 1.000000
 482 503 0.444444
 482 504 0.444444
 483 484 1.000000
 483 487 0.160000
 483 488 0.250000
 483 491 0.410000
 483 492 0.410000
 483 502 1.000000
 483 504 0.160000
 484 489 0.049383
 484 496 0.049383
 484 497 0.049383
 484 498 0.049383
 484 499 0.049383
 484 500 0.049383
 484 501 0.049383
 486 488 0.444444
 486 490 0.444444
 486 501 0.250000
 486 503 0.444444
 486 506 0.250000
 487 491 0.160000
 487 492 0.160000
 487 493 0.111111
 487 502 1.000000
 487 503 1.000000
 487 504 0.160000
 487 505 0.111111
 488 491 0.250000
 488 492 0.250000
 489 496 0.049383
 489 497 0.493827
 489 498 0.049383
 489 499 0.049383
 489 500 0.049383
 489 501 0.049383
 490 503 0.888889
 490 508 0.081633
 490 513 0.081633
 490 572 0.081633
 490 845 0.081633
 491 492 0.410000
 491 504 0.160000
 491 510 0.160000
 491 515 0.160000
 491 523 0.160000
 491 527 0.160000
 492 504 0.160000
 492 524 0.444444
 492 528 0.444444
 493 504 0.444444
 493 505 1.111111
 493 506 1.000000
 493 522 0.013841
 493 608 0.013841
 493 627 0.013841
 493 699 0.013841
 493 748 0.013841
 494 495 1.250000
 494 503 0.250000
 495 496 0.444444
 495 503 0.250000
 496 497 0.049383
 496 498 0.049383
 496 499 0.049383
 496 500 0.049383
 496 501 0.049383
 497 498 1.049383
 497 499 0.049383
 497 500 0.049383
 497 501 0.049383
 498 499 1.049383
 498 500 0.049383
 498 501 0.049383
 499 500 1.049383
 499 501 0.049383
 500 501 1.049383
 503 747 0.444444
 504 881 0.250000
 507 509 1.000000
 507 868 1.000000
 507 869 1.000000
 508 509 1.000000
 508 513 0.081633
 508 521 0.250000
 508 522 0.111111
 508 523 0.111111
 508 524 0.111111
 508 525 0.111111
 508 526 0.111111
 508 572 0.081633
 508 666 0.250000
 508 716 0.250000
 508 845 0.081633
 509 511 1.000000
 509 514 0.111111
 509 520 0.111111
 509 669 0.111111
 509 670 0.111111
 510 511 1.000000
 510 515 0.320000
 510 518 1.000000
 510 519 0.160000
 510 520 0.160000
 510 523 0.160000
 510 527 0.160000
 512 514 1.000000
 512 870 1.000000
 512 871 1.000000
 513 514 1.000000
 513 522 0.111111
 513 527 0.111111
 513 528 0.111111
 513 529 0.111111
 513 530 0.111111
 513 531 0.250000
 513 572 0.081633
 513 665 0.250000
 513 717 0.250000
 513 845 0.081633
 514 516 1.000000
 514 520 0.111111
 514 669 0.111111
 514 670 0.111111
 515 516 1.000000
 515 517 0.444444
 515 518 0.444444
 515 519 0.160000
 515 520 0.160000
 515 523 0.160000
 515 527 0.160000
 517 518 0.444444
 517 519 0.111111
 517 521 0.111111
 517 531 0.111111
 517 683 1.000000
 517 702 0.444444
 517 750 0.111111
 517 873 1.000000
 517 874 0.111111
 517 875 0.444444
 519 520 0.160000
 519 521 0.111111
 519 531 0.111111
 519 697 1.000000
 519 750 0.111111
 519 874 0.111111
 520 669 0.111111
 520 670 0.111111
 521 523 0.444444
 521 524 0.444444
 521 531 0.555556
 521 666 0.250000
 521 697 0.444444
 521 716 0.250000
 521 750 0.111111
 521 874 0.111111
 522 523 0.111111
 522 524 0.111111
 522 525 0.111111
 522 526 0.111111
 522 527 0.111111
 522 528 0.111111
 522 529 0.111111
 522 530 0.111111
 522 608 0.013841
 522 627 0.013841
 522 699 0.013841
 522 711 0.081633
 522 712 0.081633
 522 748 0.013841
 522 750 0.444444
 522 878 0.081633
 523 524 0.555556
 523 525 1.111111
 523 526 0.111111
 523 527 0.160000
 524 525 0.111111
 524 526 1.111111
 524 528 0.444444
 525 526 0.111111
 525 876 1.000000
 526 877 1.000000
 527 528 0.555556
 527 529 1.111111
 527 530 0.111111
 527 531 0.444444
 528 529 0.111111
 528 530 1.111111
 528 531 0.444444
 529 530 0.111111
 529 879 1.000000
 530 880 1.000000
 531 665 0.250000
 531 697 0.444444
 531 717 0.250000
 531 750 0.111111
 531 874 0.111111
 532 533 0.069396
 532 534 0.069396
 532 535 0.069396
 532 536 0.069396
 532 537 0.069396
 532 538 0.069396
 532 539 0.069396
 532 540 0.069396
 532 541 0.069396
 532 542 0.069396
 532 543 1.000000
 532 554 0.013841
 532 555 0.013841
 532 556 0.013841
 532 557 0.013841
 532 558 0.013841
 532 565 0.013841
 532 566 0.027778
 532 568 0.027778
 532 638 0.444444
 532 658 0.444444
 532 678 0.444444
 532 692 1.000000
 532 788 0.444444
 533 534 0.069396
 533 535 0.069396
 533 536 0.069396
 533 537 0.069396
 533 538 0.069396
 533 539 0.069396
 533 540 0.069396
 533 541 0.069396
 533 542 0.069396
 533 544 1.000000
 533 554 0.013841
 533 555 0.013841
 533 556 0.013841
 533 557 0.013841
 533 558 0.013841
 533 565 0.013841
 533 566 0.027778
 533 568 0.027778
 533 637 0.444444
 533 659 0.444444
 533 679 0.444444
 533 791 0.444444
 534 535 0.069396
 534 536 0.069396
 534 537 0.069396
 534 538 0.069396
 534 539 0.069396
 534 540 0.069396
 534 541 0.069396
 534 542 0.069396
 534 545 1.000000
 534 554 0.013841
 534 555 0.013841
 534 556 0.013841
 534 557 0.013841
 534 558 0.013841
 534 565 0.013841
 534 566 0.027778
 534 568 0.027778
 534 636 0.444444
 534 660 0.444444
 534 680 0.444444
 534 694 1.000000
 534 794 0.444444
 535 536 0.069396
 535 537 0.069396
 535 538 0.069396
 535 539 0.069396
 535 540 0.069396
 535 541 0.069396
 535 542 0.069396
 535 546 1.000000
 535 554 0.013841
 535 555 0.013841
 535 556 0.013841
 535 557 0.013841
 535 558 0.013841
 535 565 0.013841
 535 566 0.027778
 535 568 0.027778
 535 635 0.444444
 535 661 0.444444
 535 681 0.444444
 535 693 0.444444
 535 797 0.444444
 536 537 0.069396
 536 538 0.069396
 536 539 0.069396
 536 540 0.069396
 536 541 0.069396
 536 542 0.069396
 536 547 1.000000
 536 554 0.013841
 536 555 0.013841
 536 556 0.013841
 536 557 0.013841
 536 558 0.013841
 536 565 0.013841
 536 566 0.027778
 536 568 0.027778
 536 572 0.444444
 536 634 0.444444
 536 662 0.444444
 536 682 0.444444
 536 800 0.444444
 537 538 0.069396
 537 539 0.069396
 537 540 0.069396
 537 541 0.069396
 537 542 0.069396
 537 548 1.000000
 537 554 0.013841
 537 555 0.013841
 537 556 0.013841
 537 557 0.013841
 537 558 0.013841
 537 565 0.013841
 537 566 0.027778
 537 568 0.027778
 537 633 0.444444
 537 663 0.444444
 537 683 0.444444
 537 803 0.444444
 538 539 0.069396
 538 540 0.069396
 538 541 0.069396
 538 542 0.069396
 538 549 1.000000
 538 554 0.013841
 538 555 0.013841
 538 556 0.013841
 538 557 0.013841
 538 558 0.013841
 538 565 0.013841
 538 566 0.027778
 538 568 0.027778
 538 632 0.444444
 538 664 0.444444
 538 684 0.444444
 538 806 0.444444
 539 540 0.069396
 539 541 0.069396
 539 542 0.069396
 539 550 1.000000
 539 554 0.013841
 539 555 0.013841
 539 556 0.013841
 539 557 0.013841
 539 558 0.013841
 539 565 0.013841
 539 566 0.027778
 539 568 0.027778
 539 631 0.444444
 539 665 0.444444
 539 685 0.444444
 539 809 0.444444
 540 541 0.069396
 540 542 0.069396
 540 551 1.000000
 540 554 0.013841
 540 555 0.013841
 540 556 0.013841
 540 557 0.013841
 540 558 0.013841
 540 565 0.013841
 540 566 0.027778
 540 568 0.027778
 540 630 0.444444
 540 666 0.444444
 540 695 1.000000
 540 812 1.000000
 541 542 0.069396
 541 552 1.000000
 541 554 0.013841
 541 555 0.013841
 541 556 0.013841
 541 557 0.013841
 541 558 0.013841
 541 565 0.013841
 541 566 0.027778
 541 568 0.027778
 541 629 0.444444
 541 667 0.444444
 541 815 1.000000
 542 553 1.000000
 542 554 0.013841
 542 555 0.013841
 542 556 0.013841
 542 557 0.013841
 542 558 0.013841
 542 565 0.013841
 542 566 0.027778
 542 568 0.027778
 542 628 0.444444
 542 668 0.444444
 542 818 1.000000
 543 544 0.041619
 543 545 0.041619
 543 546 0.041619
 543 547 0.041619
 543 548 0.041619
 543 549 0.041619
 543 550 0.041619
 543 551 0.041619
 543 552 0.041619
 543 553 0.041619
 543 559 0.013841
 543 560 0.013841
 543 561 0.013841
 543 562 0.013841
 543 563 0.013841
 543 570 0.027778
 543 571 0.013841
 543 577 1.000000
 544 545 0.041619
 544 546 0.041619
 544 547 0.041619
 544 548 0.041619
 544 549 0.041619
 544 550 0.041619
 544 551 0.041619
 544 552 0.041619
 544 553 0.041619
 544 559 0.013841
 544 560 0.013841
 544 561 0.013841
 544 562 0.013841
 544 563 0.013841
 544 570 0.027778
 544 571 0.013841
 544 578 1.000000
 545 546 0.041619
 545 547 0.041619
 545 548 0.041619
 545 549 0.041619
 545 550 0.041619
 545 551 0.041619
 545 552 0.041619
 545 553 0.041619
 545 559 0.013841
 545 560 0.013841
 545 561 0.013841
 545 562 0.013841
 545 563 0.013841
 545 570 0.027778
 545 571 0.013841
 545 579 1.000000
 546 547 0.041619
 546 548 0.041619
 546 549 0.041619
 546 550 0.041619
 546 551 0.041619
 546 552 0.041619
 546 553 0.041619
 546 559 0.013841
 546 560 0.013841
 546 561 0.013841
 546 562 0.013841
 546 563 0.013841
 546 570 0.027778
 546 571 0.013841
 546 580 1.000000
 547 548 0.041619
 547 549 0.041619
 547 550 0.041619
 547 551 0.041619
 547 552 0.041619
 547 553 0.041619
 547 559 0.013841
 547 560 0.013841
 547 561 0.013841
 547 562 0.013841
 547 563 0.013841
 547 570 0.027778
 547 571 0.013841
 547 585 1.000000
 548 549 0.041619
 548 550 0.041619
 548 551 0.041619
 548 552 0.041619
 548 553 0.041619
 548 559 0.013841
 548 560 0.013841
 548 561 0.013841
 548 562 0.013841
 548 563 0.013841
 548 570 0.027778
 548 571 0.013841
 548 586 1.000000
 549 550 0.041619
 549 551 0.041619
 549 552 0.041619
 549 553 0.041619
 549 559 0.013841
 549 560 0.013841
 549 561 0.013841
 549 562 0.013841
 549 563 0.013841
 549 570 0.027778
 549 571 0.013841
 549 587 1.000000
 550 551 0.041619
 550 552 0.041619
 550 553 0.041619
 550 559 0.013841
 550 560 0.013841
 550 561 0.013841
 550 562 0.013841
 550 563 0.013841
 550 570 0.027778
 550 571 0.013841
 550 588 1.000000
 551 552 0.041619
 551 553 0.041619
 551 559 0.013841
 551 560 0.013841
 551 561 0.013841
 551 562 0.013841
 551 563 0.013841
 551 570 0.027778
 551 571 0.013841
 551 593 1.000000
 552 553 0.041619
 552 559 0.013841
 552 560 0.013841
 552 561 0.013841
 552 562 0.013841
 552 563 0.013841
 552 570 0.027778
 552 571 0.013841
 552 594 1.000000
 553 559 0.013841
 553 560 0.013841
 553 561 0.013841
 553 562 0.013841
 553 563 0.013841
 553 570 0.027778
 553 571 0.013841
 553 595 1.000000
 554 555 0.124952
 554 556 0.124952
 554 557 0.124952
 554 558 0.124952
 554 559 1.000000
 554 565 0.124952
 554 686 1.000000
 554 821 1.000000
 555 556 0.124952
 555 557 0.124952
 555 558 0.124952
 555 560 1.000000
 555 565 0.124952
 555 687 1.000000
 555 824 1.000000
 556 557 0.124952
 556 558 0.124952
 556 561 1.000000
 556 565 0.124952
 556 688 1.000000
 556 827 1.000000
 557 558 0.124952
 557 562 1.000000
 557 565 0.124952
 557 689 1.000000
 557 830 1.000000
 558 563 1.000000
 558 565 0.124952
 558 696 1.000000
 558 833 1.000000
 559 560 0.124952
 559 561 0.124952
 559 562 0.124952
 559 563 0.124952
 559 569 0.111111
 559 571 0.013841
 559 596 1.000000
 560 561 0.124952
 560 562 0.124952
 560 563 0.124952
 560 569 0.111111
 560 571 0.013841
 560 601 1.000000
 561 562 0.124952
 561 563 0.124952
 561 569 0.111111
 561 571 0.013841
 561 602 1.000000
 562 563 0.124952
 562 569 0.111111
 562 571 0.013841
 562 603 1.000000
 563 569 0.111111
 563 571 0.013841
 563 604 1.000000
 564 565 1.000000
 564 566 0.062500
 564 567 0.062500
 564 572 0.160000
 566 567 0.062500
 567 568 1.000000
 569 570 1.000000
 569 572 1.000000
 572 845 0.081633
 573 574 0.027682
 573 575 0.027682
 573 576 0.027682
 573 577 1.000000
 573 578 0.444444
 573 581 0.027682
 573 582 0.027682
 573 583 0.027682
 573 584 0.027682
 573 589 0.027682
 573 590 0.027682
 573 591 0.027682
 573 592 0.027682
 573 597 0.027682
 573 598 0.027682
 573 599 0.027682
 573 600 0.027682
 573 605 0.013841
 573 609 0.013841
 573 610 0.444444
 574 575 0.027682
 574 576 0.027682
 574 578 1.000000
 574 579 0.444444
 574 581 0.027682
 574 582 0.027682
 574 583 0.027682
 574 584 0.027682
 574 589 0.027682
 574 590 0.027682
 574 591 0.027682
 574 592 0.027682
 574 597 0.027682
 574 598 0.027682
 574 599 0.027682
 574 600 0.027682
 574 605 0.013841
 574 609 0.013841
 574 611 0.444444
 575 576 0.027682
 575 579 1.000000
 575 580 0.444444
 575 581 0.027682
 575 582 0.027682
 575 583 0.027682
 575 584 0.027682
 575 589 0.027682
 575 590 0.027682
 575 591 0.027682
 575 592 0.027682
 575 597 0.027682
 575 598 0.027682
 575 599 0.027682
 575 600 0.027682
 575 605 0.013841
 575 609 0.013841
 575 612 0.444444
 576 580 1.000000
 576 581 0.027682
 576 582 0.027682
 576 583 0.027682
 576 584 0.027682
 576 585 0.444444
 576 589 0.027682
 576 590 0.027682
 576 591 0.027682
 576 592 0.027682
 576 597 0.027682
 576 598 0.027682
 576 599 0.027682
 576 600 0.027682
 576 605 0.013841
 576 609 0.013841
 576 613 0.444444
 577 578 0.026187
 577 579 0.026187
 577 580 0.026187
 577 585 0.026187
 577 586 0.026187
 577 587 0.026187
 577 588 0.026187
 577 593 0.026187
 577 594 0.026187
 577 595 0.026187
 577 596 0.026187
 577 601 0.026187
 577 602 0.026187
 577 603 0.026187
 577 604 0.026187
 577 606 0.012346
 577 607 0.026187
 578 579 0.026187
 578 580 0.026187
 578 585 0.026187
 578 586 0.026187
 578 587 0.026187
 578 588 0.026187
 578 593 0.026187
 578 594 0.026187
 578 595 0.026187
 578 596 0.026187
 578 601 0.026187
 578 602 0.026187
 578 603 0.026187
 578 604 0.026187
 578 606 0.012346
 578 607 0.026187
 578 610 0.444444
 579 580 0.026187
 579 585 0.026187
 579 586 0.026187
 579 587 0.026187
 579 588 0.026187
 579 593 0.026187
 579 594 0.026187
 579 595 0.026187
 579 596 0.026187
 579 601 0.026187
 579 602 0.026187
 579 603 0.026187
 579 604 0.026187
 579 606 0.012346
 579 607 0.026187
 579 611 0.444444
 580 585 0.026187
 580 586 0.026187
 580 587 0.026187
 580 588 0.026187
 580 593 0.026187
 580 594 0.026187
 580 595 0.026187
 580 596 0.026187
 580 601 0.026187
 580 602 0.026187
 580 603 0.026187
 580 604 0.026187
 580 606 0.012346
 580 607 0.026187
 580 612 0.444444
 581 582 0.027682
 581 583 0.027682
 581 584 0.027682
 581 585 1.000000
 581 586 0.444444
 581 589 0.027682
 581 590 0.027682
 581 591 0.027682
 581 592 0.027682
 581 597 0.027682
 581 598 0.027682
 581 599 0.027682
 581 600 0.027682
 581 605 0.013841
 581 609 0.013841
 581 614 0.444444
 582 583 0.027682
 582 584 0.027682
 582 586 1.000000
 582 587 0.444444
 582 589 0.027682
 582 590 0.027682
 582 591 0.027682
 582 592 0.027682
 582 597 0.027682
 582 598 0.027682
 582 599 0.027682
 582 600 0.027682
 582 605 0.013841
 582 609 0.013841
 582 615 0.444444
 583 584 0.027682
 583 587 1.000000
 583 588 0.444444
 583 589 0.027682
 583 590 0.027682
 583 591 0.027682
 583 592 0.027682
 583 597 0.027682
 583 598 0.027682
 583 599 0.027682
 583 600 0.027682
 583 605 0.013841
 583 609 0.013841
 583 616 0.444444
 584 588 1.000000
 584 589 0.027682
 584 590 0.027682
 584 591 0.027682
 584 592 0.027682
 584 593 0.444444
 584 597 0.027682
 584 598 0.027682
 584 599 0.027682
 584 600 0.027682
 584 605 0.013841
 584 609 0.013841
 584 617 0.444444
 585 586 0.026187
 585 587 0.026187
 585 588 0.026187
 585 593 0.026187
 585 594 0.026187
 585 595 0.026187
 585 596 0.026187
 585 601 0.026187
 585 602 0.026187
 585 603 0.026187
 585 604 0.026187
 585 606 0.012346
 585 607 0.026187
 585 613 0.444444
 586 587 0.026187
 586 588 0.026187
 586 593 0.026187
 586 594 0.026187
 586 595 0.026187
 586 596 0.026187
 586 601 0.026187
 586 602 0.026187
 586 603 0.026187
 586 604 0.026187
 586 606 0.012346
 586 607 0.026187
 586 614 0.444444
 587 588 0.026187
 587 593 0.026187
 587 594 0.026187
 587 595 0.026187
 587 596 0.026187
 587 601 0.026187
 587 602 0.026187
 587 603 0.026187
 587 604 0.026187
 587 606 0.012346
 587 607 0.026187
 587 615 0.444444
 588 593 0.026187
 588 594 0.026187
 588 595 0.026187
 588 596 0.026187
 588 601 0.026187
 588 602 0.026187
 588 603 0.026187
 588 604 0.026187
 588 606 0.012346
 588 607 0.026187
 588 616 0.444444
 589 590 0.027682
 589 591 0.027682
 589 592 0.027682
 589 593 1.000000
 589 594 0.444444
 589 597 0.027682
 589 598 0.027682
 589 599 0.027682
 589 600 0.027682
 589 605 0.013841
 589 609 0.013841
 589 618 0.444444
 590 591 0.027682
 590 592 0.027682
 590 594 1.000000
 590 595 0.444444
 590 597 0.027682
 590 598 0.027682
 590 599 0.027682
 590 600 0.027682
 590 605 0.013841
 590 609 0.013841
 590 619 0.444444
 591 592 0.027682
 591 595 1.000000
 591 596 0.444444
 591 597 0.027682
 591 598 0.027682
 591 599 0.027682
 591 600 0.027682
 591 605 0.013841
 591 609 0.013841
 591 620 0.444444
 592 596 1.000000
 592 597 0.027682
 592 598 0.027682
 592 599 0.027682
 592 600 0.027682
 592 601 0.444444
 592 605 0.013841
 592 609 0.013841
 592 621 0.444444
 593 594 0.026187
 593 595 0.026187
 593 596 0.026187
 593 601 0.026187
 593 602 0.026187
 593 603 0.026187
 593 604 0.026187
 593 606 0.012346
 593 607 0.026187
 593 617 0.444444
 594 595 0.026187
 594 596 0.026187
 594 601 0.026187
 594 602 0.026187
 594 603 0.026187
 594 604 0.026187
 594 606 0.012346
 594 607 0.026187
 594 618 0.444444
 595 596 0.026187
 595 601 0.026187
 595 602 0.026187
 595 603 0.026187
 595 604 0.026187
 595 606 0.012346
 595 607 0.026187
 595 619 0.444444
 596 601 0.026187
 596 602 0.026187
 596 603 0.026187
 596 604 0.026187
 596 606 0.012346
 596 607 0.026187
 596 620 0.444444
 597 598 0.027682
 597 599 0.027682
 597 600 0.027682
 597 601 1.000000
 597 602 0.444444
 597 605 0.013841
 597 609 0.013841
 597 622 0.444444
 598 599 0.027682
 598 600 0.027682
 598 602 1.000000
 598 603 0.444444
 598 605 0.013841
 598 609 0.013841
 598 623 0.444444
 599 600 0.027682
 599 603 1.000000
 599 604 0.444444
 599 605 0.013841
 599 609 0.013841
 599 624 0.444444
 600 604 1.000000
 600 605 0.013841
 600 609 0.013841
 600 625 1.000000
 601 602 0.026187
 601 603 0.026187
 601 604 0.026187
 601 606 0.012346
 601 607 0.026187
 601 621 0.444444
 602 603 0.026187
 602 604 0.026187
 602 606 0.012346
 602 607 0.026187
 602 622 0.444444
 603 604 0.026187
 603 606 0.012346
 603 607 0.026187
 603 623 0.444444
 604 606 0.012346
 604 607 0.026187
 604 624 0.444444
 606 607 0.012346
 608 609 1.000000
 608 627 0.013841
 608 699 0.013841
 608 748 0.013841
 610 611 0.027682
 610 612 0.027682
 610 613 0.027682
 610 614 0.027682
 610 615 0.027682
 610 616 0.027682
 610 617 0.027682
 610 618 0.027682
 610 619 0.027682
 610 620 0.027682
 610 621 0.027682
 610 622 0.027682
 610 623 0.027682
 610 624 0.027682
 610 625 0.027682
 610 626 0.013841
 610 627 0.013841
 610 658 1.000000
 611 612 0.027682
 611 613 0.027682
 611 614 0.027682
 611 615 0.027682
 611 616 0.027682
 611 617 0.027682
 611 618 0.027682
 611 619 0.027682
 611 620 0.027682
 611 621 0.027682
 611 622 0.027682
 611 623 0.027682
 611 624 0.027682
 611 625 0.027682
 611 626 0.013841
 611 627 0.013841
 611 659 1.000000
 612 613 0.027682
 612 614 0.027682
 612 615 0.027682
 612 616 0.027682
 612 617 0.027682
 612 618 0.027682
 612 619 0.027682
 612 620 0.027682
 612 621 0.027682
 612 622 0.027682
 612 623 0.027682
 612 624 0.027682
 612 625 0.027682
 612 626 0.013841
 612 627 0.013841
 612 660 1.000000
 613 614 0.027682
 613 615 0.027682
 613 616 0.027682
 613 617 0.027682
 613 618 0.027682
 613 619 0.027682
 613 620 0.027682
 613 621 0.027682
 613 622 0.027682
 613 623 0.027682
 613 624 0.027682
 613 625 0.027682
 613 626 0.013841
 613 627 0.013841
 613 661 1.000000
 614 615 0.027682
 614 616 0.027682
 614 617 0.027682
 614 618 0.027682
 614 619 0.027682
 614 620 0.027682
 614 621 0.027682
 614 622 0.027682
 614 623 0.027682
 614 624 0.027682
 614 625 0.027682
 614 626 0.013841
 614 627 0.013841
 614 662 1.000000
 615 616 0.027682
 615 617 0.027682
 615 618 0.027682
 615 619 0.027682
 615 620 0.027682
 615 621 0.027682
 615 622 0.027682
 615 623 0.027682
 615 624 0.027682
 615 625 0.027682
 615 626 0.013841
 615 627 0.013841
 615 663 1.000000
 616 617 0.027682
 616 618 0.027682
 616 619 0.027682
 616 620 0.027682
 616 621 0.027682
 616 622 0.027682
 616 623 0.027682
 616 624 0.027682
 616 625 0.027682
 616 626 0.013841
 616 627 0.013841
 616 664 1.000000
 617 618 0.027682
 617 619 0.027682
 617 620 0.027682
 617 621 0.027682
 617 622 0.027682
 617 623 0.027682
 617 624 0.027682
 617 625 0.027682
 617 626 0.013841
 617 627 0.013841
 617 665 1.000000
 618 619 0.027682
 618 620 0.027682
 618 621 0.027682
 618 622 0.027682
 618 623 0.027682
 618 624 0.027682
 618 625 0.027682
 618 626 0.013841
 618 627 0.013841
 618 666 1.000000
 619 620 0.027682
 619 621 0.027682
 619 622 0.027682
 619 623 0.027682
 619 624 0.027682
 619 625 0.027682
 619 626 0.013841
 619 627 0.013841
 619 667 1.000000
 620 621 0.027682
 620 622 0.027682
 620 623 0.027682
 620 624 0.027682
 620 625 0.027682
 620 626 0.013841
 620 627 0.013841
 620 668 1.000000
 621 622 0.027682
 621 623 0.027682
 621 624 0.027682
 621 625 0.027682
 621 626 0.013841
 621 627 0.013841
 621 669 1.000000
 622 623 0.027682
 622 624 0.027682
 622 625 0.027682
 622 626 0.013841
 622 627 0.013841
 622 670 1.000000
 623 624 0.027682
 623 625 0.027682
 623 626 0.013841
 623 627 0.013841
 623 671 1.000000
 624 625 0.027682
 624 626 0.013841
 624 627 0.013841
 624 672 1.000000
 625 626 0.013841
 625 627 0.013841
 625 673 1.000000
 627 699 0.013841
 627 748 0.013841
 628 629 0.055556
 628 630 0.055556
 628 631 0.055556
 628 632 0.055556
 628 633 0.055556
 628 634 0.055556
 628 635 0.055556
 628 636 0.055556
 628 637 0.055556
 628 638 0.055556
 628 639 0.027778
 628 640 0.027778
 628 668 0.444444
 629 630 0.055556
 629 631 0.055556
 629 632 0.055556
 629 633 0.055556
 629 634 0.055556
 629 635 0.055556
 629 636 0.055556
 629 637 0.055556
 629 638 0.055556
 629 639 0.027778
 629 640 0.027778
 629 667 0.444444
 630 631 0.055556
 630 632 0.055556
 630 633 0.055556
 630 634 0.055556
 630 635 0.055556
 630 636 0.055556
 630 637 0.055556
 630 638 0.055556
 630 639 0.027778
 630 640 0.027778
 630 666 0.444444
 631 632 0.055556
 631 633 0.055556
 631 634 0.055556
 631 635 0.055556
 631 636 0.055556
 631 637 0.055556
 631 638 0.055556
 631 639 0.027778
 631 640 0.027778
 631 665 0.444444
 632 633 0.055556
 632 634 0.055556
 632 635 0.055556
 632 636 0.055556
 632 637 0.055556
 632 638 0.055556
 632 639 0.027778
 632 640 0.027778
 632 664 0.444444
 633 634 0.055556
 633 635 0.055556
 633 636 0.055556
 633 637 0.055556
 633 638 0.055556
 633 639 0.027778
 633 640 0.027778
 633 663 0.444444
 634 635 0.055556
 634 636 0.055556
 634 637 0.055556
 634 638 0.055556
 634 639 0.027778
 634 640 0.027778
 634 662 0.444444
 635 636 0.055556
 635 637 0.055556
 635 638 0.055556
 635 639 0.027778
 635 640 0.027778
 635 661 0.444444
 636 637 0.055556
 636 638 0.055556
 636 639 0.027778
 636 640 0.027778
 636 660 0.444444
 637 638 0.055556
 637 639 0.027778
 637 640 0.027778
 637 659 0.444444
 638 639 0.027778
 638 640 0.027778
 638 658 0.444444
 641 658 0.013841
 641 659 0.013841
 641 660 0.013841
 641 661 0.013841
 641 662 0.013841
 641 663 0.013841
 641 664 0.013841
 641 665 0.013841
 641 666 0.013841
 641 667 0.013841
 641 668 0.013841
 641 669 0.013841
 641 670 0.013841
 641 671 0.013841
 641 672 0.013841
 641 673 0.013841
 641 674 0.160000
 641 675 0.160000
 642 658 1.000000
 642 787 1.000000
 643 659 1.000000
 643 790 1.000000
 644 660 1.000000
 644 793 1.000000
 645 661 1.000000
 645 796 1.000000
 646 662 1.000000
 646 799 1.000000
 647 663 1.000000
 647 802 1.000000
 648 664 1.000000
 648 805 1.000000
 649 665 1.000000
 649 808 1.000000
 650 666 1.000000
 650 811 1.000000
 651 667 1.000000
 651 814 1.000000
 652 668 1.000000
 652 817 1.000000
 653 669 1.000000
 653 820 1.000000
 654 670 1.000000
 654 823 1.000000
 655 671 1.000000
 655 826 1.000000
 656 672 1.000000
 656 829 1.000000
 657 673 1.000000
 657 832 1.000000
 658 659 0.040027
 658 660 0.040027
 658 661 0.040027
 658 662 0.040027
 658 663 0.040027
 658 664 0.040027
 658 665 0.040027
 658 666 0.040027
 658 667 0.040027
 658 668 0.040027
 658 669 0.040027
 658 670 0.040027
 658 671 0.040027
 658 672 0.040027
 658 673 0.040027
 658 676 0.013841
 658 677 0.012346
 659 660 0.040027
 659 661 0.040027
 659 662 0.040027
 659 663 0.040027
 659 664 0.040027
 659 665 0.040027
 659 666 0.040027
 659 667 0.040027
 659 668 0.040027
 659 669 0.040027
 659 670 0.040027
 659 671 0.040027
 659 672 0.040027
 659 673 0.040027
 659 676 0.013841
 659 677 0.012346
 660 661 0.040027
 660 662 0.040027
 660 663 0.040027
 660 664 0.040027
 660 665 0.040027
 660 666 0.040027
 660 667 0.040027
 660 668 0.040027
 660 669 0.040027
 660 670 0.040027
 660 671 0.040027
 660 672 0.040027
 660 673 0.040027
 660 676 0.013841
 660 677 0.012346
 661 662 0.040027
 661 663 0.040027
 661 664 0.040027
 661 665 0.040027
 661 666 0.040027
 661 667 0.040027
 661 668 0.040027
 661 669 0.040027
 661 670 0.040027
 661 671 0.040027
 661 672 0.040027
 661 673 0.040027
 661 676 0.013841
 661 677 0.012346
 662 663 0.040027
 662 664 0.040027
 662 665 0.040027
 662 666 0.040027
 662 667 0.040027
 662 668 0.040027
 662 669 0.040027
 662 670 0.040027
 662 671 0.040027
 662 672 0.040027
 662 673 0.040027
 662 676 0.013841
 662 677 0.012346
 663 664 0.040027
 663 665 0.040027
 663 666 0.040027
 663 667 0.040027
 663 668 0.040027
 663 669 0.040027
 663 670 0.040027
 663 671 0.040027
 663 672 0.040027
 663 673 0.040027
 663 676 0.013841
 663 677 0.012346
 664 665 0.040027
 664 666 0.040027
 664 667 0.040027
 664 668 0.040027
 664 669 0.040027
 664 670 0.040027
 664 671 0.040027
 664 672 0.102527
 664 673 0.040027
 664 676 0.013841
 664 677 0.012346
 664 709 0.062500
 664 710 0.062500
 665 666 0.040027
 665 667 0.040027
 665 668 0.040027
 665 669 0.040027
 665 670 0.040027
 665 671 0.040027
 665 672 0.040027
 665 673 0.040027
 665 676 0.013841
 665 677 0.012346
 665 717 0.250000
 666 667 0.040027
 666 668 0.040027
 666 669 0.040027
 666 670 0.040027
 666 671 0.040027
 666 672 0.040027
 666 673 0.040027
 666 676 0.013841
 666 677 0.012346
 666 716 0.250000
 667 668 0.040027
 667 669 0.040027
 667 670 0.040027
 667 671 0.290027
 667 672 0.040027
 667 673 0.040027
 667 676 0.013841
 667 677 0.012346
 668 669 0.290027
 668 670 0.040027
 668 671 0.040027
 668 672 0.040027
 668 673 0.040027
 668 676 0.013841
 668 677 0.012346
 668 681 0.250000
 668 693 0.250000
 669 670 0.151138
 669 671 0.040027
 669 672 0.040027
 669 673 0.040027
 669 676 0.013841
 669 677 0.012346
 669 681 0.250000
 669 693 0.250000
 670 671 0.040027
 670 672 0.040027
 670 673 0.040027
 670 676 0.013841
 670 677 0.012346
 670 701 0.250000
 670 716 0.250000
 670 717 0.250000
 671 672 0.040027
 671 673 0.040027
 671 676 0.013841
 671 677 0.012346
 672 673 0.040027
 672 676 0.013841
 672 677 0.012346
 672 709 0.062500
 672 710 0.062500
 673 676 0.013841
 673 677 0.012346
 674 675 0.160000
 674 676 1.000000
 674 719 0.250000
 674 762 0.250000
 675 677 1.000000
 675 761 1.000000
 678 679 0.056726
 678 680 0.056726
 678 681 0.056726
 678 682 0.056726
 678 683 0.056726
 678 684 0.056726
 678 685 0.056726
 678 697 0.023669
 678 698 0.033058
 678 699 0.023669
 678 700 0.023669
 678 713 0.033058
 678 714 0.023669
 678 715 0.023669
 678 716 1.000000
 678 718 0.033058
 678 788 0.444444
 679 680 0.056726
 679 681 0.056726
 679 682 0.056726
 679 683 0.056726
 679 684 0.056726
 679 685 0.056726
 679 697 0.023669
 679 698 0.033058
 679 699 0.023669
 679 700 0.023669
 679 713 0.033058
 679 714 0.023669
 679 715 0.023669
 679 717 1.000000
 679 718 0.033058
 679 791 0.444444
 680 681 0.056726
 680 682 0.056726
 680 683 0.056726
 680 684 0.056726
 680 685 0.056726
 680 692 1.000000
 680 697 0.023669
 680 698 0.033058
 680 699 0.023669
 680 700 0.023669
 680 713 0.033058
 680 714 0.023669
 680 715 0.023669
 680 718 0.033058
 680 794 0.444444
 681 682 0.056726
 681 683 0.056726
 681 684 0.056726
 681 685 0.056726
 681 693 0.250000
 681 697 0.023669
 681 698 0.033058
 681 699 0.023669
 681 700 0.023669
 681 713 0.033058
 681 714 0.023669
 681 715 0.023669
 681 718 0.033058
 681 797 0.444444
 682 683 0.056726
 682 684 0.056726
 682 685 0.056726
 682 694 1.000000
 682 697 0.023669
 682 698 0.033058
 682 699 0.023669
 682 700 0.023669
 682 713 0.033058
 682 714 0.023669
 682 715 0.023669
 682 718 0.033058
 682 800 0.444444
 683 684 0.056726
 683 685 0.056726
 683 697 0.023669
 683 698 0.033058
 683 699 0.023669
 683 700 0.023669
 683 713 0.033058
 683 714 0.023669
 683 715 0.023669
 683 718 0.033058
 683 803 0.444444
 684 685 0.056726
 684 697 1.023669
 684 698 0.033058
 684 699 0.023669
 684 700 0.023669
 684 713 0.033058
 684 714 0.023669
 684 715 0.023669
 684 718 0.033058
 684 806 0.444444
 685 695 1.000000
 685 697 0.023669
 685 698 0.033058
 685 699 0.023669
 685 700 0.023669
 685 713 0.033058
 685 714 0.023669
 685 715 0.023669
 685 718 0.033058
 685 809 0.444444
 686 687 0.192744
 686 688 0.192744
 686 689 0.192744
 686 696 0.192744
 686 700 0.081633
 686 703 0.250000
 686 713 0.111111
 686 718 0.081633
 686 834 1.000000
 687 688 0.192744
 687 689 0.192744
 687 696 0.192744
 687 700 0.081633
 687 703 0.250000
 687 713 0.111111
 687 718 0.081633
 687 835 1.000000
 688 689 0.192744
 688 696 0.192744
 688 700 0.081633
 688 704 0.250000
 688 713 0.111111
 688 718 0.081633
 688 836 1.000000
 689 696 0.192744
 689 700 0.081633
 689 704 0.250000
 689 713 0.111111
 689 718 0.081633
 689 837 1.000000
 690 709 1.000000
 690 714 1.000000
 690 716 1.000000
 691 711 1.000000
 691 715 1.000000
 691 717 1.000000
 692 693 0.111111
 692 694 0.111111
 692 695 0.111111
 693 694 0.111111
 693 695 0.111111
 694 695 0.111111
 696 700 0.081633
 696 706 0.250000
 696 713 0.111111
 696 718 0.081633
 696 838 1.000000
 697 699 0.023669
 697 700 0.023669
 697 714 0.023669
 697 715 0.023669
 698 713 0.033058
 698 718 0.033058
 699 700 0.023669
 699 714 0.023669
 699 715 0.023669
 699 748 0.013841
 700 714 0.023669
 700 715 0.023669
 700 718 0.081633
 701 708 0.444444
 701 716 0.250000
 701 717 0.250000
 702 708 1.000000
 702 872 1.000000
 702 875 0.444444
 703 705 1.000000
 704 705 1.000000
 705 707 1.000000
 706 707 1.000000
 706 713 0.444444
 706 882 0.444444
 707 708 1.000000
 708 718 1.000000
 709 710 0.062500
 709 711 0.444444
 710 712 0.444444
 710 714 1.000000
 711 712 0.081633
 711 878 0.081633
 712 715 1.000000
 712 878 0.081633
 713 718 0.033058
 713 882 0.444444
 714 715 0.023669
 716 717 0.250000
 719 720 0.055556
 719 721 0.055556
 719 722 0.055556
 719 723 0.055556
 719 724 0.055556
 719 725 0.055556
 719 726 0.055556
 719 727 0.055556
 719 728 0.055556
 719 729 0.055556
 719 730 0.055556
 719 762 0.250000
 719 784 1.000000
 720 721 0.055556
 720 722 0.055556
 720 723 0.055556
 720 724 0.055556
 720 725 0.055556
 720 726 0.055556
 720 727 0.055556
 720 728 0.055556
 720 729 0.055556
 720 730 0.055556
 720 760 1.000000
 720 782 1.000000
 721 722 0.055556
 721 723 0.055556
 721 724 0.055556
 721 725 0.055556
 721 726 0.055556
 721 727 0.055556
 721 728 0.055556
 721 729 0.055556
 721 730 0.055556
 721 759 1.000000
 721 780 1.000000
 722 723 0.055556
 722 724 0.055556
 722 725 0.055556
 722 726 0.055556
 722 727 0.055556
 722 728 0.055556
 722 729 0.055556
 722 730 0.055556
 722 758 1.000000
 722 778 1.000000
 723 724 0.055556
 723 725 0.055556
 723 726 0.055556
 723 727 0.055556
 723 728 0.055556
 723 729 0.055556
 723 730 0.055556
 723 757 1.000000
 723 776 1.000000
 724 725 0.055556
 724 726 0.055556
 724 727 0.055556
 724 728 0.055556
 724 729 0.055556
 724 730 0.055556
 724 756 1.000000
 724 774 1.000000
 725 726 0.055556
 725 727 0.055556
 725 728 0.055556
 725 729 0.055556
 725 730 0.055556
 725 755 1.000000
 725 772 1.000000
 726 727 0.055556
 726 728 0.055556
 726 729 0.055556
 726 730 0.055556
 726 754 1.000000
 726 770 1.000000
 727 728 0.055556
 727 729 0.055556
 727 730 0.055556
 727 753 1.000000
 727 768 1.000000
 728 729 0.055556
 728 730 0.055556
 728 766 1.000000
 728 839 1.000000
 729 730 0.055556
 729 764 1.000000
 729 840 1.000000
 730 854 0.250000
 731 732 1.015625
 731 733 0.015625
 731 734 0.015625
 731 735 0.015625
 731 736 0.015625
 731 737 0.015625
 731 738 0.015625
 731 739 0.015625
 731 740 0.015625
 731 741 0.265625
 731 742 0.444444
 731 743 0.250000
 731 744 0.250000
 731 745 1.000000
 731 749 0.444444
 732 733 0.048683
 732 734 0.048683
 732 735 0.048683
 732 736 0.048683
 732 737 0.048683
 732 738 0.048683
 732 739 0.048683
 732 740 0.048683
 732 741 0.048683
 732 742 0.033058
 732 743 0.444444
 732 745 0.444444
 733 734 0.493127
 733 735 0.048683
 733 736 0.048683
 733 737 0.048683
 733 738 0.048683
 733 739 0.048683
 733 740 0.048683
 733 741 0.048683
 733 742 0.033058
 733 743 1.000000
 733 745 0.444444
 734 735 0.493127
 734 736 0.048683
 734 737 0.048683
 734 738 0.048683
 734 739 0.048683
 734 740 0.048683
 734 741 0.048683
 734 742 0.033058
 734 744 0.444444
 734 745 0.444444
 735 736 1.048683
 735 737 0.048683
 735 738 0.048683
 735 739 0.048683
 735 740 0.048683
 735 741 0.048683
 735 742 0.033058
 735 744 1.444444
 736 737 0.493127
 736 738 0.048683
 736 739 0.048683
 736 740 0.048683
 736 741 0.048683
 736 742 0.033058
 736 744 0.444444
 737 738 0.493127
 737 739 0.048683
 737 740 0.048683
 737 741 0.048683
 737 742 0.033058
 737 744 0.888889
 738 739 0.493127
 738 740 0.048683
 738 741 0.048683
 738 742 0.033058
 738 744 0.888889
 739 740 1.048683
 739 741 0.048683
 739 742 0.033058
 739 744 1.444444
 740 741 1.048683
 740 742 0.033058
 740 744 1.000000
 741 742 0.033058
 741 743 0.250000
 741 744 0.250000
 742 749 0.444444
 743 744 0.250000
 743 745 0.444444
 744 745 1.000000
 745 746 1.000000
 746 748 1.000000
 746 749 0.444444
 746 846 0.444444
 747 748 1.000000
 747 749 1.000000
 748 750 1.000000
 749 846 0.444444
 750 874 0.111111
 751 752 0.444444
 751 775 0.111111
 751 777 0.111111
 751 779 0.111111
 751 781 0.111111
 751 783 0.111111
 751 785 0.444444
 751 882 1.000000
 752 763 0.081633
 752 765 0.081633
 752 767 0.081633
 752 769 0.081633
 752 771 0.081633
 752 773 0.081633
 752 785 0.444444
 763 765 0.081633
 763 767 0.081633
 763 769 0.081633
 763 771 0.081633
 763 773 0.081633
 765 767 0.081633
 765 769 0.081633
 765 771 0.081633
 765 773 0.081633
 767 769 0.081633
 767 771 0.081633
 767 773 0.081633
 769 771 0.081633
 769 773 0.081633
 771 773 0.081633
 775 777 0.111111
 775 779 0.111111
 775 781 0.111111
 775 783 0.111111
 777 779 0.111111
 777 781 0.111111
 777 783 0.111111
 779 781 0.111111
 779 783 0.111111
 781 783 0.111111
 786 789 0.049383
 786 792 0.049383
 786 795 0.049383
 786 798 0.049383
 786 801 0.049383
 786 804 0.049383
 786 807 0.049383
 789 792 0.049383
 789 795 0.049383
 789 798 0.049383
 789 801 0.049383
 789 804 0.049383
 789 807 0.049383
 792 795 0.049383
 792 798 0.049383
 792 801 0.049383
 792 804 0.049383
 792 807 0.049383
 795 798 0.049383
 795 801 0.049383
 795 804 0.049383
 795 807 0.049383
 798 801 0.049383
 798 804 0.049383
 798 807 0.049383
 801 804 0.049383
 801 807 0.049383
 804 807 0.049383
 810 813 0.049383
 810 816 0.049383
 810 819 0.049383
 810 822 0.049383
 810 825 0.049383
 810 828 0.049383
 810 831 0.049383
 813 816 0.049383
 813 819 0.049383
 813 822 0.049383
 813 825 0.049383
 813 828 0.049383
 813 831 0.049383
 816 819 0.049383
 816 822 0.049383
 816 825 0.049383
 816 828 0.049383
 816 831 0.049383
 819 822 0.049383
 819 825 0.049383
 819 828 0.049383
 819 831 0.049383
 822 825 0.049383
 822 828 0.049383
 822 831 0.049383
 825 828 0.049383
 825 831 0.049383
 828 831 0.049383



